10
38 92 9 75 25 36 57 62 73 15 
43 33 54 7 9 29 30 28 3 66 
57 77 90 84 47 18 75 59 89 42 
7 39 33 91 49 71 41 2 34 58 
100 8 28 60 49 41 33 60 27 20 
17 58 19 73 6 37 80 24 10 84 
51 18 11 35 67 74 59 89 8 72 
58 75 39 7 17 92 60 78 94 54 
80 46 84 53 49 8 68 60 12 14 
98 3 28 10 54 80 78 62 91 9 
46 46 11 2 86 28 96 59 14 83 
87 97 21 2 11 8 48 56 88 36 
21 24 14 5 53 32 48 91 28 91 
33 39 88 74 82 85 62 72 5 53 
61 17 20 51 18 44 24 31 26 39 
46 17 51 26 87 64 78 24 92 21 
42 25 37 72 17 95 33 41 61 15 
100 22 83 37 30 25 11 30 67 6 
20 3 47 6 3 75 11 59 99 61 
5 23 99 71 18 83 26 96 57 90 
49 12 1 8 89 43 29 89 54 21 
25 78 38 42 61 24 4 92 57 58 
16 42 6 11 98 83 93 98 16 91 
21 66 80 25 28 94 44 84 14 78 
3 77 14 25 39 41 66 35 2 67 
47 89 80 6 98 15 10 22 71 38 
74 11 67 55 15 95 41 26 39 14 
83 63 90 49 71 44 86 81 25 7 
69 33 36 35 77 47 47 75 88 62 
29 12 39 95 92 48 91 17 93 61 
