75
34 42 98 60 43 56 57 45 95 75 3 37 42 35 23 74 45 38 39 73 22 74 32 40 18 60 47 76 74 69 22 29 62 49 23 86 64 15 49 12 30 27 70 58 46 34 24 79 29 55 56 48 19 44 79 61 83 28 70 91 73 23 21 1 52 74 82 89 36 46 73 1 69 100 57 
47 76 51 29 2 11 95 5 85 92 96 63 82 26 5 35 53 35 62 5 77 92 80 38 29 11 7 32 80 58 6 29 45 85 49 90 66 5 4 37 76 94 55 65 100 72 27 33 21 25 62 92 2 40 15 83 76 8 79 79 93 32 65 30 43 14 71 18 16 43 38 100 42 93 86 
28 63 14 94 9 18 29 5 16 25 58 2 44 40 84 97 90 2 39 56 27 86 23 80 41 99 97 30 30 4 10 62 88 71 100 28 36 28 6 71 25 79 27 31 27 82 29 31 44 17 92 33 80 16 13 90 13 2 54 74 55 68 99 9 41 75 29 76 1 96 61 52 63 50 53 
64 99 69 9 42 71 64 55 8 6 88 37 32 34 46 31 23 80 23 18 70 51 69 45 86 14 70 15 11 62 85 56 57 42 21 21 91 73 21 3 95 84 82 60 72 53 17 29 94 25 75 2 82 24 93 74 52 90 14 36 61 96 83 34 42 6 9 4 14 41 56 96 29 24 5 
85 99 45 10 72 35 45 6 19 47 61 24 43 51 60 35 73 93 90 74 42 94 36 8 3 23 52 25 88 68 85 40 90 28 5 90 35 33 79 98 54 92 98 82 64 83 21 34 90 87 89 86 30 85 63 100 29 85 100 79 41 4 38 46 12 13 40 64 23 11 20 78 51 14 45 
28 73 89 29 33 46 30 63 53 27 42 44 45 60 47 88 42 79 15 11 67 84 55 96 64 86 55 10 94 5 13 66 99 75 28 81 8 89 41 52 78 32 82 12 93 72 60 97 8 23 2 57 40 80 79 44 28 40 18 100 83 91 45 67 62 38 16 59 94 15 2 73 20 37 84 
33 63 47 88 68 91 97 68 10 52 47 97 64 61 59 77 81 88 2 35 98 23 98 76 24 85 22 40 42 65 19 47 57 67 78 3 7 44 21 99 2 45 38 31 72 69 96 41 23 29 98 44 16 57 38 85 43 33 61 31 19 3 18 70 85 26 20 87 21 18 31 8 7 2 53 
35 62 8 82 97 41 91 14 68 64 42 68 31 81 4 12 95 91 4 12 97 27 72 67 98 37 10 4 30 93 25 37 34 42 45 43 80 50 62 89 42 100 73 67 63 14 22 72 96 100 44 22 37 5 39 71 41 8 21 49 39 47 53 47 65 14 65 75 26 13 85 40 61 29 89 
17 5 42 89 95 14 21 70 96 41 31 58 6 34 92 46 51 95 88 29 80 93 27 69 99 7 48 53 32 69 5 26 68 56 24 25 29 91 69 92 31 42 54 60 99 13 26 93 37 14 41 13 74 44 3 30 79 22 47 73 85 15 96 12 95 90 71 6 76 83 97 82 23 39 11 
56 77 67 59 70 42 47 44 44 80 45 4 22 79 92 39 4 14 35 28 67 78 51 94 2 9 95 34 29 19 89 39 61 86 85 65 78 49 38 87 55 63 44 57 14 100 33 40 23 58 30 31 26 44 38 1 20 95 41 75 15 1 3 11 90 49 38 47 61 51 21 81 77 9 81 
61 58 99 76 75 25 95 59 91 70 74 61 86 12 88 40 74 22 76 73 100 96 99 73 97 34 83 98 9 59 34 63 5 19 45 45 83 80 85 35 61 27 60 40 55 59 28 5 13 43 97 99 14 85 82 96 86 19 84 73 20 63 74 20 4 32 100 95 90 17 98 59 25 42 7 
5 80 87 45 99 44 44 24 81 86 93 13 40 60 79 16 90 17 51 90 79 60 62 84 97 82 40 34 93 9 47 65 64 93 3 5 64 58 72 97 55 10 57 34 32 55 15 100 20 72 81 86 76 90 78 100 33 32 75 35 90 44 26 69 57 6 85 97 89 74 91 40 57 45 23 
38 16 3 87 65 37 82 70 95 60 61 54 46 9 87 23 43 1 43 41 47 36 95 95 30 64 98 47 84 56 52 49 52 23 76 25 70 92 12 49 28 30 35 56 70 43 91 79 67 84 43 48 81 89 86 54 24 77 72 27 50 99 31 40 69 13 68 25 11 50 80 8 44 98 83 
73 94 10 72 59 88 78 100 80 17 45 45 29 99 5 19 80 18 46 59 61 48 100 65 89 61 17 81 83 89 85 8 3 54 10 40 77 34 18 22 96 31 85 57 14 41 58 68 66 51 14 1 65 46 7 68 53 27 22 52 17 72 15 42 83 62 36 69 24 63 58 47 5 93 83 
25 70 57 69 24 43 50 91 16 30 60 91 64 85 62 58 21 91 11 86 66 27 15 23 64 75 6 90 69 56 88 95 1 100 22 94 92 5 71 76 57 44 84 90 25 64 96 17 22 9 71 40 16 13 38 96 41 80 63 84 6 73 53 58 46 52 45 42 85 10 81 76 31 15 28 
19 24 97 13 90 18 31 42 54 64 26 58 1 7 66 6 56 10 31 66 52 87 78 12 8 91 22 45 79 1 92 60 47 55 12 24 98 66 58 28 4 86 37 50 77 43 53 23 86 64 63 96 4 18 31 94 86 48 66 36 12 2 47 40 68 84 67 42 37 17 37 13 6 73 37 
55 62 20 33 22 74 27 10 36 79 59 57 95 68 51 44 42 38 73 74 43 1 42 16 78 97 56 57 81 3 25 39 60 27 59 82 28 72 20 76 72 92 66 87 96 85 48 66 27 1 56 19 9 66 96 82 48 51 10 13 13 2 89 4 80 13 20 60 77 96 29 11 29 55 88 
53 73 15 30 18 29 27 53 79 86 7 91 84 45 1 24 95 67 94 25 44 36 59 66 29 7 43 90 92 97 27 43 50 17 4 83 21 91 81 86 64 98 30 94 55 99 6 47 73 34 91 30 22 58 99 2 59 90 46 60 83 98 50 93 62 73 62 67 79 15 18 10 38 32 8 
25 15 46 18 80 59 84 45 20 48 50 63 29 5 30 49 73 80 60 43 27 20 58 29 44 10 57 78 18 88 34 5 93 4 58 86 39 61 26 17 95 35 74 53 4 82 2 43 69 8 25 33 66 24 63 10 28 93 65 65 38 21 70 62 86 32 61 78 25 23 25 53 5 19 64 
38 59 26 38 9 50 15 95 42 23 99 65 72 93 46 79 99 51 59 89 32 45 78 74 95 18 12 20 29 4 51 58 19 87 69 6 33 66 37 89 64 51 54 26 79 84 93 98 41 20 54 8 48 50 73 98 50 77 17 11 45 93 94 39 21 19 96 60 47 54 1 2 54 97 19 
76 51 64 74 72 95 46 34 30 97 44 36 34 8 79 97 2 36 23 27 3 52 41 82 51 29 48 12 73 4 50 10 6 46 70 66 14 32 9 26 50 21 38 38 54 26 42 89 41 56 24 23 10 45 21 17 41 29 75 36 42 45 73 83 7 21 5 39 62 11 73 67 66 86 7 
69 4 4 35 64 68 76 5 18 88 86 43 2 11 48 37 46 84 3 96 28 31 87 45 85 39 54 18 95 10 5 46 64 80 29 66 66 51 39 38 94 14 67 67 25 77 39 32 27 87 49 52 65 6 72 9 39 72 97 65 90 35 92 84 34 28 79 11 27 67 78 80 44 14 77 
28 9 91 4 66 29 9 19 88 77 57 76 53 77 83 52 79 66 27 61 32 29 41 1 92 79 44 32 52 13 12 91 66 68 17 64 15 86 31 83 27 27 46 7 97 10 42 78 27 57 51 43 87 97 96 27 40 32 48 22 40 64 65 27 12 2 74 63 100 35 75 19 47 82 8 
7 60 69 37 4 14 53 23 77 40 82 96 51 22 29 60 90 79 2 77 17 13 65 28 73 42 47 75 36 5 19 57 83 90 31 69 73 11 9 45 71 83 42 29 14 69 78 17 11 100 90 13 28 92 76 91 39 12 24 45 97 23 95 95 98 66 12 32 66 62 83 14 22 91 80 
5 66 84 16 65 90 99 55 90 89 8 93 55 36 1 2 56 96 42 85 78 2 20 28 99 69 34 47 84 36 36 70 48 46 42 7 21 9 44 73 87 100 72 35 75 43 72 8 82 84 49 100 24 35 16 34 49 48 97 93 62 89 61 1 29 75 75 90 28 27 96 45 9 76 20 
36 11 2 73 98 82 33 89 26 69 83 78 10 100 64 29 13 1 62 25 34 70 79 46 93 56 72 14 25 50 81 4 88 8 5 23 3 37 38 56 74 66 15 85 65 39 47 5 89 82 21 24 81 1 7 99 7 68 68 41 90 28 7 100 98 98 96 68 92 53 59 70 1 21 54 
80 100 99 40 99 90 84 80 67 1 16 98 58 46 88 73 18 48 21 83 30 11 19 38 66 48 4 60 8 9 37 46 14 17 35 81 49 93 20 95 57 31 41 82 83 18 67 74 95 36 92 68 10 83 46 17 47 56 48 92 5 66 78 37 82 65 70 92 13 22 31 31 88 85 16 
17 61 31 92 89 79 72 46 60 77 2 25 60 22 35 48 29 90 14 72 45 11 24 29 35 35 16 27 59 45 89 5 17 72 93 17 28 49 53 49 7 30 89 25 10 15 100 37 77 97 27 51 41 79 43 69 13 38 66 57 93 15 61 24 22 82 17 14 14 2 17 21 82 10 72 
37 8 44 10 76 65 100 35 3 69 35 28 76 50 86 35 27 6 31 35 4 20 78 89 56 18 17 40 40 46 67 15 85 100 46 2 26 79 14 63 57 52 29 46 93 32 50 95 99 71 91 61 30 79 11 87 96 12 30 55 20 62 59 46 62 88 16 24 62 86 97 75 23 56 45 
33 5 47 15 50 85 81 90 30 62 54 12 67 63 49 85 46 95 47 70 37 18 96 43 28 77 96 12 56 67 8 25 70 8 60 2 3 40 41 42 40 1 41 17 98 59 71 3 65 75 75 60 88 62 58 84 18 2 84 10 28 6 60 7 65 72 69 99 75 90 91 10 90 20 41 
56 97 72 64 44 22 32 86 55 13 69 15 8 94 61 22 12 45 25 3 54 83 46 83 87 83 9 82 12 60 84 66 16 77 62 97 95 72 57 90 26 81 42 86 30 74 30 8 36 23 55 24 21 67 31 67 76 15 18 81 87 51 3 68 31 25 42 42 72 23 23 50 87 90 43 
51 18 88 25 76 100 93 24 38 11 87 93 43 7 73 27 50 95 8 6 9 40 2 92 22 41 46 15 32 2 91 16 87 42 94 93 65 97 15 36 78 90 52 28 20 77 72 30 77 33 43 9 38 37 87 81 51 82 27 21 48 94 13 31 96 16 84 24 54 11 33 82 40 8 20 
51 10 24 40 30 27 35 49 52 35 20 80 37 66 100 93 26 72 74 63 67 13 24 16 42 94 18 83 56 52 9 84 88 89 90 40 40 9 51 36 72 43 71 53 72 81 54 12 23 39 63 14 82 17 21 48 50 40 77 6 48 46 5 79 32 89 87 35 19 67 88 58 65 30 72 
62 37 25 11 88 6 24 11 56 2 46 90 59 15 58 89 59 10 30 1 14 76 65 95 85 70 46 83 69 44 33 38 28 22 78 94 40 79 82 100 32 47 8 5 98 30 26 14 66 56 11 34 72 24 9 86 78 100 67 29 39 78 53 22 8 3 39 7 69 60 87 65 47 96 81 
92 42 64 33 97 27 16 21 99 39 94 89 33 34 80 92 4 83 69 3 33 4 12 81 32 57 71 30 92 14 55 56 94 14 33 89 26 89 77 72 52 21 48 94 49 58 18 4 31 91 14 22 31 45 16 43 31 50 20 24 56 53 48 6 83 32 69 78 27 36 17 40 90 71 9 
76 48 48 3 56 20 48 86 65 76 74 91 63 78 95 74 2 6 32 96 49 14 9 17 67 58 70 82 31 1 10 90 61 73 70 59 68 62 45 90 96 41 21 82 43 93 69 90 23 46 67 78 11 63 80 31 61 84 21 35 5 25 54 32 32 62 53 57 60 84 29 3 17 37 61 
84 74 71 67 74 84 31 11 15 49 65 89 79 73 52 66 49 67 32 25 66 27 63 51 60 35 92 74 51 13 60 17 11 24 82 71 84 39 12 25 71 35 53 59 39 28 34 87 63 94 97 37 25 89 47 78 74 55 68 11 28 57 87 19 88 64 44 61 37 66 89 57 73 46 31 
52 56 64 59 56 10 2 84 12 1 74 2 97 83 30 84 42 64 39 70 42 40 59 49 19 52 36 6 41 58 79 95 15 71 32 75 17 27 80 56 82 71 3 71 93 84 32 42 4 29 26 82 62 74 32 22 100 73 47 19 8 14 79 97 58 72 70 86 100 44 19 26 13 42 11 
93 16 42 69 8 64 46 42 56 64 45 42 21 85 77 66 74 86 29 61 24 39 25 31 80 11 81 28 80 63 35 66 36 25 66 96 47 7 28 10 48 6 48 43 36 41 7 31 24 77 74 35 18 78 40 8 38 21 64 14 31 13 65 93 51 34 94 78 6 30 55 15 52 79 18 
10 99 49 5 83 11 81 25 19 23 44 23 90 90 76 7 69 31 45 47 40 83 70 56 29 99 94 67 91 71 12 25 39 32 9 63 21 61 45 27 5 79 90 38 82 57 47 84 85 100 78 33 38 71 29 67 77 25 14 30 4 3 67 95 5 91 52 2 42 20 61 49 76 77 84 
63 42 85 8 40 75 88 65 97 9 68 9 89 67 15 89 43 54 16 7 34 68 86 15 100 73 7 58 43 43 85 75 13 88 38 33 42 64 61 60 96 76 36 52 13 75 83 93 64 59 41 12 15 23 61 89 62 32 47 72 64 10 75 25 79 52 18 27 67 79 64 33 93 1 19 
52 100 47 90 77 42 25 5 93 21 35 48 61 67 32 18 26 88 78 69 28 29 7 4 57 100 52 76 99 41 86 44 87 31 82 73 56 41 19 98 12 2 24 85 40 20 49 57 85 23 94 30 23 72 12 62 36 48 27 92 15 32 11 38 23 73 53 30 79 72 41 91 35 35 35 
15 35 7 20 87 59 33 48 77 30 29 88 55 24 22 16 81 86 24 45 83 67 13 16 77 45 53 97 16 59 68 37 14 43 31 86 37 89 78 57 77 55 67 97 49 26 64 3 65 75 86 41 19 38 60 2 68 52 31 27 9 91 96 36 37 40 33 49 31 94 24 65 100 71 7 
33 30 81 41 32 67 16 97 85 60 26 96 72 38 67 46 38 46 94 88 67 46 75 83 77 87 85 84 14 55 34 61 27 29 91 9 4 81 98 90 23 41 14 23 42 80 26 58 79 23 14 11 35 54 98 80 100 42 58 38 74 15 72 3 56 3 82 90 30 65 25 40 58 2 85 
40 48 90 79 98 11 27 57 18 70 53 92 3 13 83 44 63 56 4 3 56 46 85 75 80 50 70 61 2 47 64 72 62 22 46 81 44 78 100 22 66 33 72 64 89 41 34 81 9 20 48 87 94 4 10 72 34 64 85 18 15 27 46 82 98 91 40 5 30 28 100 59 50 20 23 
79 29 19 95 76 27 34 36 24 40 47 35 7 55 29 37 11 98 69 73 76 68 53 16 5 45 62 76 22 4 89 35 32 67 99 26 92 19 6 32 16 75 30 49 17 52 26 69 100 14 27 96 52 29 16 67 9 52 22 22 40 96 100 62 86 15 4 55 85 50 92 33 63 29 79 
66 32 23 35 54 71 20 96 98 63 20 9 85 61 23 11 60 97 92 2 30 38 5 78 71 66 18 54 17 85 50 35 20 71 40 88 62 35 21 59 50 71 77 42 96 65 18 38 4 39 75 31 100 45 82 27 61 45 100 39 86 34 82 46 55 84 19 56 13 16 5 64 84 44 54 
80 24 10 84 11 15 47 14 61 99 2 68 24 77 45 7 28 31 16 12 5 40 72 28 93 14 80 80 56 75 22 36 96 73 88 96 11 72 59 91 87 59 11 63 31 39 48 54 16 13 74 67 19 77 46 14 44 50 66 56 63 19 18 71 36 73 56 2 17 39 76 79 46 65 29 
32 14 68 43 47 11 65 57 7 80 67 83 5 86 16 61 93 17 41 94 38 82 31 58 82 50 18 53 76 19 17 95 36 76 78 62 12 39 93 99 77 62 88 98 4 64 98 23 75 70 15 13 37 96 78 81 59 40 8 18 89 32 97 36 100 31 27 2 39 62 89 93 96 56 11 
99 97 99 41 85 61 73 79 41 48 48 100 25 77 31 92 58 5 9 63 46 6 49 79 32 29 64 82 55 58 60 6 63 44 29 22 70 94 80 88 96 47 93 97 49 33 14 3 79 52 78 14 69 41 23 62 1 19 28 55 42 96 89 89 13 34 51 93 98 36 10 41 61 50 30 
26 21 70 23 38 96 52 26 95 67 42 30 91 11 5 60 3 11 62 22 5 98 26 85 40 69 85 30 65 53 51 16 62 50 19 47 38 56 97 24 40 75 76 35 21 63 96 74 86 70 19 38 69 2 11 67 71 18 22 80 87 9 92 1 32 47 25 15 72 97 20 23 82 78 34 
92 76 40 3 11 88 39 61 34 21 63 87 80 32 33 12 49 58 3 81 51 55 50 39 91 47 37 27 84 20 99 85 83 53 6 60 51 56 95 2 90 2 99 100 73 3 7 85 14 44 12 49 59 63 68 59 47 85 97 90 63 65 83 4 42 72 29 98 83 3 84 30 81 77 96 
84 94 55 35 83 26 9 5 92 7 59 23 20 47 13 66 14 45 63 8 93 32 5 48 31 62 83 31 30 62 63 91 5 72 11 46 40 9 79 39 91 91 73 74 87 44 83 90 45 46 65 97 59 42 28 91 98 9 92 71 87 1 92 74 34 37 14 64 86 59 20 68 35 73 82 
17 72 4 84 97 13 36 50 75 71 30 8 38 79 41 59 78 44 98 97 45 70 57 33 2 13 4 42 43 21 34 31 69 56 21 56 20 54 54 20 68 31 85 94 6 77 14 86 24 72 89 46 77 10 93 63 74 33 7 66 75 86 51 69 81 47 24 2 63 80 77 52 19 70 83 
50 52 6 35 21 89 3 78 48 16 75 60 2 63 72 56 12 99 68 98 52 85 29 15 70 74 41 6 6 56 9 29 98 33 1 83 57 22 16 17 9 28 24 84 12 74 89 97 1 23 56 75 48 79 31 44 52 84 80 50 69 32 69 8 64 26 4 78 46 62 21 56 40 14 78 
79 30 98 70 55 10 48 18 88 84 23 95 27 84 17 21 50 51 87 12 18 81 55 37 6 71 59 10 8 82 47 46 81 1 43 94 22 37 64 85 38 33 15 73 61 32 46 78 21 74 100 41 39 59 78 75 93 67 46 98 46 95 50 24 1 21 21 14 40 67 50 12 36 46 36 
3 49 28 91 33 42 23 7 77 71 5 62 46 2 87 21 72 79 6 80 28 85 14 30 11 95 18 90 86 16 59 74 64 59 51 19 10 18 35 39 86 36 63 65 52 48 3 92 90 30 39 46 37 79 75 87 74 30 54 7 16 59 77 57 33 95 81 25 89 5 80 81 76 63 67 
42 25 16 66 39 65 74 55 100 84 77 53 28 33 14 7 48 27 53 10 20 45 83 97 91 97 22 21 73 13 67 94 16 79 16 88 86 4 14 99 31 20 83 34 79 21 90 62 55 93 83 96 35 94 7 17 77 70 59 25 80 59 1 79 82 94 84 35 99 69 6 10 67 79 30 
29 85 3 79 59 76 72 60 99 37 30 25 30 78 51 73 57 11 84 49 95 14 88 44 86 7 19 18 12 39 82 15 99 12 69 69 62 62 6 36 93 40 19 20 16 76 50 74 61 90 45 51 39 20 37 37 82 23 3 7 3 6 90 98 49 24 99 4 74 96 76 19 36 53 55 
10 23 39 37 39 86 95 71 15 61 69 81 70 14 99 46 34 64 80 58 42 50 29 97 2 50 63 17 79 70 29 57 70 52 86 96 98 7 74 98 69 2 11 100 19 39 58 52 55 9 16 19 77 60 5 45 78 48 76 73 97 54 72 83 65 68 24 51 46 32 56 92 88 8 76 
62 78 91 62 59 83 35 2 55 51 27 30 28 7 96 84 62 9 98 7 91 48 39 73 77 22 40 80 23 98 18 47 42 65 68 89 54 30 51 66 97 43 76 56 14 71 37 55 48 61 42 73 8 39 41 19 72 83 70 22 82 83 58 60 71 12 38 54 74 55 47 89 66 61 21 
38 55 38 29 27 73 42 59 85 42 34 97 54 4 3 24 4 88 30 49 73 97 32 1 80 54 89 82 27 8 40 65 20 46 77 11 38 22 25 47 50 91 5 63 100 33 62 59 48 86 82 4 76 39 3 97 31 5 55 58 86 57 69 30 25 26 81 66 86 82 80 59 78 6 47 
9 28 30 5 91 77 69 30 80 29 99 66 100 64 88 2 93 2 36 74 11 74 72 41 30 13 66 13 79 5 41 3 67 9 56 29 6 61 86 46 98 83 53 43 32 85 59 16 79 95 72 95 84 89 93 23 26 25 63 15 62 70 80 79 63 60 41 22 17 53 18 45 14 98 34 
8 24 22 98 62 60 38 41 21 68 99 68 29 35 72 26 26 74 42 16 72 46 26 16 50 75 30 61 28 69 40 17 39 83 27 15 35 78 64 43 46 45 56 17 80 34 38 70 76 50 63 77 69 43 95 5 39 14 18 90 87 46 87 51 57 25 84 27 6 83 61 51 61 55 17 
12 50 52 65 72 14 98 94 56 72 99 48 48 28 99 81 13 69 46 32 76 68 64 6 53 82 26 89 100 78 98 21 72 55 56 91 87 8 2 60 36 1 38 86 12 6 89 66 92 41 81 49 17 19 50 81 68 6 21 42 70 82 43 49 19 14 64 31 52 42 31 46 52 89 39 
17 88 72 81 8 5 98 32 89 23 62 8 40 57 96 64 57 66 47 95 47 88 30 56 27 98 85 21 8 36 100 56 98 77 23 37 78 31 95 20 50 76 97 2 22 92 37 23 81 64 76 76 90 93 6 69 46 35 35 34 76 80 62 82 35 50 50 43 86 35 87 12 62 66 100 
11 44 45 90 3 21 94 31 54 7 98 68 63 90 56 22 86 79 86 84 64 88 90 27 47 44 90 87 54 31 52 27 17 28 21 54 29 7 95 26 77 35 84 2 49 23 2 68 20 85 23 68 96 58 50 72 59 86 26 94 58 73 57 89 97 15 31 61 67 23 48 38 84 39 8 
11 31 1 31 37 70 54 67 56 68 25 17 25 31 24 70 22 88 24 53 49 61 94 23 26 71 15 3 41 68 96 25 93 41 38 13 50 36 53 6 76 87 31 17 35 83 65 70 87 64 70 58 81 86 19 33 8 23 80 21 76 78 90 12 9 82 90 82 4 60 90 87 44 100 40 
55 99 57 28 26 88 34 49 63 59 70 90 79 69 24 54 9 58 72 95 69 9 74 89 94 92 8 39 80 28 52 10 19 13 32 72 1 79 33 60 24 92 32 47 96 88 18 65 53 94 43 71 85 68 83 81 46 69 79 92 33 70 6 58 2 68 6 57 46 13 41 41 55 59 6 
13 76 96 46 38 90 95 1 24 89 77 12 79 8 4 24 89 99 91 94 77 48 6 3 49 54 38 46 24 54 57 43 73 33 2 81 54 58 33 20 92 81 89 73 70 26 71 90 36 32 41 67 75 21 27 81 85 58 55 26 92 98 87 71 72 19 91 25 26 83 6 63 2 73 94 
61 78 31 86 57 45 26 92 5 26 25 7 2 45 39 99 23 34 10 53 77 49 66 73 22 28 8 20 7 64 67 61 26 94 24 92 42 100 81 82 26 40 88 82 12 14 51 55 46 28 96 29 72 97 94 30 71 86 72 19 38 13 63 66 84 57 49 25 59 10 45 22 9 83 92 
43 45 3 80 68 43 3 88 92 53 63 23 34 65 96 88 88 21 82 91 27 30 15 79 100 34 55 5 40 13 39 38 12 63 36 75 57 33 59 88 51 67 36 27 15 7 20 76 50 14 19 93 15 92 47 32 14 96 40 28 38 28 40 37 88 37 32 99 2 2 45 66 2 97 84 
63 57 21 25 48 68 96 64 22 24 11 29 61 83 61 53 49 93 47 70 28 49 66 51 44 84 28 79 94 28 77 63 95 76 41 40 3 71 16 26 84 57 9 96 34 61 86 15 67 57 91 7 47 57 54 97 45 24 48 11 40 1 11 11 87 29 20 6 73 7 98 22 45 36 61 
25 58 29 43 39 67 29 74 75 3 9 83 25 83 90 44 27 5 48 49 28 6 23 39 46 78 78 20 13 66 90 17 33 93 16 43 89 30 22 68 46 57 26 79 60 57 41 25 86 83 31 71 75 47 97 72 45 30 67 45 97 4 46 14 30 20 41 70 50 98 69 11 34 39 34 
13 20 4 37 51 27 45 8 14 88 70 79 83 43 36 13 44 62 93 23 13 98 66 12 88 78 83 47 96 65 31 87 99 21 94 86 11 37 73 86 23 73 43 48 72 75 83 70 99 57 6 54 35 66 1 78 90 32 1 22 63 56 95 82 7 32 57 20 18 53 6 92 26 92 63 
52 82 96 22 29 53 80 36 5 72 2 62 42 42 61 14 80 27 30 84 7 65 57 23 7 8 57 15 46 89 11 81 24 77 96 70 11 99 9 18 60 60 78 31 4 2 67 44 29 51 75 73 73 36 33 27 18 72 26 20 34 56 30 8 85 87 68 72 86 64 10 79 80 20 3 
26 97 14 40 90 86 24 3 4 40 45 2 6 50 51 24 51 21 85 89 93 57 61 4 78 38 15 85 39 81 30 11 10 72 65 97 100 81 52 10 8 43 73 68 23 80 99 46 42 87 9 77 1 59 57 11 32 43 51 11 29 62 56 65 7 48 3 24 71 12 63 76 37 48 67 
60 73 22 48 99 38 3 46 100 23 88 38 38 51 1 49 19 54 25 94 14 83 85 93 53 43 90 69 66 91 35 53 23 18 4 64 15 96 70 21 74 65 63 82 23 51 56 90 22 4 28 37 23 12 37 16 42 90 66 13 2 98 36 50 65 84 56 15 47 11 52 93 72 58 3 
23 34 71 47 95 54 22 45 88 82 26 4 56 98 13 2 94 31 12 94 56 78 32 22 38 77 6 31 1 91 4 63 12 66 43 1 9 79 62 92 61 48 4 43 99 66 29 16 68 32 27 72 64 85 72 7 55 40 74 4 65 16 65 25 20 8 63 91 50 25 51 45 93 56 92 
36 5 70 67 98 98 76 41 60 34 49 1 24 71 30 23 78 78 83 3 53 69 57 67 44 1 48 18 23 39 46 18 14 82 58 57 15 90 30 16 87 95 23 85 64 91 45 10 68 23 75 51 60 71 55 42 42 40 66 94 75 87 61 46 92 3 31 97 81 22 25 57 68 71 76 
81 17 84 59 53 30 88 50 83 74 37 82 61 76 60 79 18 34 17 22 57 93 15 35 72 13 1 79 18 51 50 38 29 51 75 6 61 57 66 12 22 8 44 83 35 38 55 75 24 12 47 58 25 30 51 70 85 82 30 35 62 37 92 73 86 11 60 34 80 63 71 80 35 77 12 
48 83 47 6 5 8 71 52 74 21 66 81 1 32 48 43 61 95 95 78 87 87 28 90 39 27 78 22 14 17 80 47 28 69 73 35 44 88 29 48 88 73 86 57 60 79 34 24 89 24 21 43 94 30 10 68 86 13 63 26 12 55 70 8 18 4 51 93 33 36 22 94 90 52 59 
83 37 87 79 18 81 31 88 77 69 42 10 47 1 69 83 69 56 11 33 92 9 90 64 50 78 43 98 86 99 77 96 32 36 97 27 98 59 81 51 80 64 37 78 37 4 38 71 67 7 59 52 24 94 30 100 84 67 83 47 51 17 7 24 4 83 11 6 80 17 97 9 16 13 21 
97 75 29 26 87 57 75 41 72 78 27 24 82 100 90 84 83 90 20 100 18 10 73 55 39 67 89 69 60 62 53 28 2 8 79 84 100 77 69 85 18 78 31 11 45 6 80 97 61 52 21 3 30 26 95 96 14 15 7 56 20 95 89 59 95 74 84 79 20 55 66 60 41 83 57 
79 8 94 86 15 91 77 96 73 35 90 20 95 47 37 99 38 48 55 92 92 40 18 8 67 7 89 42 10 22 18 16 93 25 91 29 75 30 41 54 3 59 28 63 82 49 43 47 33 47 73 41 66 74 5 41 12 69 100 61 50 46 93 48 95 72 4 61 90 37 52 8 27 46 27 
45 87 48 32 12 1 39 99 14 45 85 70 17 56 60 8 43 75 63 14 19 25 87 73 9 78 9 69 27 40 75 96 8 80 47 64 65 19 27 100 33 25 83 22 25 13 52 40 78 97 2 22 29 8 40 41 92 48 40 34 18 99 45 43 34 75 33 96 96 41 99 58 98 67 13 
9 88 1 8 4 60 34 31 62 97 68 10 86 96 28 57 86 8 22 55 89 38 84 85 49 37 97 34 22 49 3 14 41 36 71 42 100 28 73 27 81 3 67 76 78 42 1 45 34 69 66 32 80 99 58 21 89 17 86 94 99 63 7 71 18 54 32 61 17 87 50 36 40 78 16 
52 31 87 56 71 68 55 78 75 56 32 64 28 19 26 1 4 61 48 71 68 96 3 69 10 91 29 17 46 47 43 37 92 15 1 4 87 78 37 94 33 92 10 11 44 68 22 23 23 66 12 44 66 59 94 64 21 15 83 14 36 44 39 6 67 28 54 13 14 87 24 10 46 56 43 
80 96 40 46 58 50 89 69 70 49 41 37 42 33 35 85 41 27 60 11 2 71 96 78 70 71 88 73 75 37 95 1 59 55 93 30 97 53 65 85 63 32 50 54 68 95 31 48 70 54 53 8 55 96 29 3 59 37 49 34 98 57 95 99 61 33 67 8 66 58 40 50 93 60 54 
31 33 70 60 14 88 45 65 57 88 67 26 10 19 75 53 2 1 96 75 35 24 73 42 65 45 59 25 22 82 40 9 61 47 77 40 15 36 90 91 34 26 30 85 86 37 3 18 89 48 98 89 47 3 81 41 7 53 40 62 19 27 60 59 32 90 71 63 57 48 98 66 40 45 16 
85 51 2 98 29 59 71 30 15 94 33 39 60 4 94 1 24 13 14 93 14 15 61 1 45 71 49 49 58 80 63 46 4 76 48 11 47 99 7 20 98 48 63 8 91 81 7 5 14 60 98 28 77 46 99 38 31 55 14 85 71 34 7 34 93 24 83 81 3 99 12 46 43 60 91 
56 97 99 49 42 86 5 37 39 27 80 70 42 91 99 36 63 91 11 28 12 37 57 13 9 6 64 63 77 75 65 33 12 2 99 35 23 42 71 69 83 22 25 15 54 76 24 80 55 70 73 65 87 61 17 70 77 52 29 78 25 25 94 36 43 11 25 5 3 85 91 53 12 68 72 
87 56 100 95 53 3 42 48 88 40 43 75 5 2 41 47 55 76 4 73 79 65 29 13 30 69 45 41 94 65 70 60 63 88 58 72 24 76 4 53 75 80 24 26 61 15 74 71 76 43 1 4 78 82 30 55 23 7 36 36 7 87 20 73 21 27 84 77 52 93 25 43 74 82 17 
42 62 88 70 5 3 52 84 96 5 85 88 66 37 30 46 59 12 17 36 33 22 35 45 89 40 91 36 24 14 63 85 68 55 70 43 40 49 38 63 56 90 63 48 20 96 12 23 6 45 82 17 21 52 34 34 70 48 99 69 44 82 11 22 62 27 49 4 54 68 42 68 52 95 52 
90 48 86 99 25 32 81 61 84 51 7 2 28 28 8 82 29 22 99 76 79 86 35 34 35 67 67 96 62 30 3 38 98 25 21 94 67 97 55 73 62 75 72 69 67 60 10 37 20 61 91 70 11 56 36 87 48 61 31 44 13 74 20 5 35 54 30 22 34 20 97 30 31 64 74 
6 71 44 60 29 50 93 2 32 52 2 76 9 27 27 87 45 51 84 77 6 92 96 95 1 12 10 98 10 50 6 93 36 97 15 99 40 66 32 80 58 32 30 17 26 41 69 47 13 81 65 19 49 67 13 42 46 21 10 1 58 73 54 75 58 50 33 84 21 60 97 96 17 98 53 
74 99 90 76 43 37 25 57 74 48 80 83 59 75 86 21 98 19 23 8 51 9 59 71 50 70 44 45 90 97 18 85 34 95 55 24 59 91 24 78 23 72 18 25 46 86 44 82 37 13 65 38 68 96 31 6 43 3 28 20 17 31 46 22 32 79 86 26 53 59 48 64 41 47 87 
19 30 43 74 16 36 81 74 23 35 28 73 21 97 1 50 90 52 80 31 70 47 2 43 71 12 21 7 64 27 52 97 45 8 89 2 83 12 58 27 27 21 61 82 89 11 67 96 22 79 10 59 25 86 8 95 73 24 5 67 90 11 57 20 88 10 80 60 12 98 15 58 87 61 68 
43 5 9 77 59 95 54 63 6 36 76 32 46 71 1 62 28 22 19 88 95 7 89 89 81 94 93 30 21 77 12 40 66 50 9 18 20 59 75 26 14 80 72 98 39 11 38 19 68 18 37 91 11 43 69 35 77 13 29 14 84 84 86 53 95 83 31 83 100 100 15 88 67 39 24 
67 48 25 77 33 5 73 74 35 78 6 1 38 61 25 79 83 82 47 17 32 93 33 29 18 13 94 37 26 82 3 79 75 41 12 83 1 88 77 24 59 30 74 80 1 51 78 23 30 27 39 14 89 65 49 39 53 1 71 4 56 76 73 47 1 93 85 68 23 99 20 38 83 74 15 
67 13 4 67 54 2 14 99 40 63 69 2 27 29 64 59 28 36 97 76 20 5 52 16 51 9 24 20 99 50 70 21 89 88 99 56 29 6 22 4 8 86 87 64 47 40 34 37 37 14 4 89 60 20 21 63 53 59 97 85 96 79 13 24 25 46 69 73 45 80 38 78 97 47 20 
37 84 46 9 53 18 62 74 88 10 100 74 97 1 6 54 53 21 64 52 1 91 34 44 92 99 50 26 94 100 96 38 72 15 84 7 3 31 100 52 87 12 3 83 89 26 95 38 20 23 22 53 79 27 22 25 43 12 20 48 82 2 99 9 82 69 93 60 32 5 38 57 8 8 32 
99 83 93 49 34 7 51 29 50 22 88 75 89 44 94 45 3 26 9 50 43 10 77 91 16 29 69 51 5 10 23 80 4 26 22 69 44 81 56 24 95 68 71 9 15 57 79 24 15 14 39 19 37 81 40 45 61 38 33 76 75 74 80 24 22 80 59 92 15 87 72 6 59 40 3 
64 67 65 82 6 95 64 42 94 94 47 39 21 17 83 22 74 1 56 61 78 33 11 35 100 51 48 26 94 30 79 21 2 93 79 66 42 39 91 94 65 48 33 2 74 6 6 90 36 92 87 2 16 15 46 99 62 50 34 29 24 38 73 49 11 53 33 47 39 38 23 20 84 74 71 
61 92 96 24 54 21 92 78 64 7 46 88 60 65 72 86 14 84 45 10 73 1 24 55 52 20 88 82 33 58 80 75 94 17 71 62 100 100 7 88 46 67 33 99 57 16 36 39 12 85 10 65 20 88 63 39 78 29 14 8 38 11 31 56 36 24 3 84 77 17 28 57 97 55 31 
1 33 34 62 70 12 4 43 75 84 12 14 88 24 48 5 58 40 28 7 44 99 28 62 22 81 28 4 57 47 84 81 59 52 69 35 43 28 31 27 37 68 79 50 60 73 8 7 67 52 39 64 87 8 31 75 61 43 64 79 100 61 70 53 55 92 21 9 95 79 35 65 17 88 55 
28 27 18 21 4 81 78 66 42 7 81 17 24 25 29 61 48 52 85 9 87 60 21 79 37 57 88 19 79 30 12 10 32 52 64 8 3 77 24 86 26 7 58 48 17 90 46 91 45 44 73 22 48 48 78 61 64 84 6 63 3 78 77 83 77 14 8 100 94 57 37 46 35 62 29 
50 20 8 71 58 58 61 50 60 60 54 23 31 39 76 67 59 20 90 34 9 40 99 54 80 37 68 17 60 44 50 86 76 80 70 36 4 31 62 39 58 97 21 30 79 44 91 13 74 54 75 9 25 75 69 76 24 23 60 8 10 52 92 14 77 75 63 9 91 25 33 63 99 79 54 
94 16 78 28 90 55 25 56 43 25 31 21 18 14 91 63 80 41 41 24 6 94 55 91 83 51 73 70 30 73 70 31 49 69 61 85 47 42 19 54 90 53 7 16 68 2 5 51 36 39 97 62 73 50 80 34 65 81 36 96 76 57 37 50 69 27 50 44 29 80 98 34 63 1 25 
84 87 43 74 5 7 40 59 63 63 29 40 19 20 70 44 92 46 10 38 46 1 54 62 77 16 77 22 10 9 18 92 57 85 72 51 22 21 6 44 46 66 90 69 54 20 16 21 75 54 37 13 35 45 71 8 39 62 72 68 9 96 93 60 91 3 83 88 42 42 20 45 48 63 67 
37 35 22 18 71 92 59 55 45 3 58 10 45 21 48 21 18 37 73 66 44 43 42 58 79 5 7 10 48 20 29 24 45 4 79 88 16 73 8 78 4 37 89 65 35 55 67 94 99 6 39 20 58 8 19 72 60 77 22 12 30 19 79 27 68 67 36 93 44 58 27 1 37 65 55 
56 82 70 46 89 25 86 27 85 83 71 58 37 43 14 82 60 96 39 48 75 35 57 99 5 4 60 92 23 59 43 39 91 27 83 23 85 24 82 89 28 16 75 44 5 82 86 56 88 40 10 22 42 34 38 89 3 66 82 5 25 18 12 97 65 30 27 58 86 19 6 58 1 76 98 
53 27 89 95 56 40 51 56 62 17 98 43 38 68 1 83 36 32 53 80 76 14 45 24 52 15 51 26 21 76 58 81 79 63 53 62 84 71 16 63 85 76 48 72 26 84 80 17 8 5 8 93 64 48 58 23 42 7 7 40 96 99 40 18 57 78 11 20 78 24 56 23 69 65 67 
29 99 23 9 57 60 54 49 10 80 61 91 54 8 80 63 88 54 20 52 93 71 2 70 94 3 25 56 11 79 95 83 49 91 6 33 76 97 90 20 53 3 31 18 18 4 76 46 66 2 89 3 38 70 16 83 96 45 73 2 63 93 24 49 25 71 48 88 82 84 97 86 74 30 13 
19 11 61 54 20 56 48 7 96 94 21 35 76 46 15 11 84 69 96 79 84 25 12 43 9 74 43 51 43 91 20 97 2 58 18 91 44 63 36 56 100 64 64 81 100 39 81 25 62 87 26 41 8 62 50 98 75 58 17 94 97 24 25 97 8 61 25 69 55 98 49 86 55 28 74 
14 85 26 21 37 82 49 94 71 74 25 53 74 83 49 62 65 96 33 81 100 54 8 36 2 60 4 76 53 58 18 9 96 70 49 59 34 73 100 71 50 87 53 55 88 86 87 18 78 3 32 16 5 40 99 45 43 86 32 46 34 78 93 26 18 83 24 86 65 67 77 38 27 47 76 
16 42 20 54 57 95 67 70 75 22 57 2 22 66 100 37 12 50 56 91 36 16 22 82 43 78 76 68 27 58 17 35 100 37 86 7 20 25 82 66 2 82 56 7 10 90 47 85 18 4 94 63 82 68 66 58 63 40 9 73 74 44 44 26 43 88 53 1 72 96 51 2 97 42 47 
97 37 66 42 36 13 82 55 21 13 9 9 84 80 56 71 10 89 67 14 62 24 48 76 69 38 77 49 90 30 97 69 6 10 59 95 55 85 16 33 79 74 86 27 48 18 59 72 65 81 39 60 35 76 42 79 71 49 95 67 2 19 62 81 57 88 6 58 97 76 47 98 30 77 67 
24 72 94 67 77 76 55 38 64 78 83 86 65 83 11 18 9 7 40 85 31 55 63 76 54 43 57 53 38 78 96 54 94 27 44 75 70 69 79 2 56 74 95 4 82 28 6 29 45 87 6 11 51 71 50 55 5 59 58 44 83 62 62 44 26 25 10 76 30 50 75 79 74 19 36 
37 16 64 19 17 9 66 47 10 53 79 97 47 32 2 54 25 20 81 88 19 48 50 98 1 96 16 31 48 63 7 67 22 66 50 77 39 84 13 74 56 87 94 100 46 43 13 1 81 54 91 18 99 41 85 97 79 74 11 1 13 13 34 51 26 46 30 26 93 9 58 71 81 22 47 
95 14 33 87 54 88 25 24 13 42 78 88 67 3 33 84 92 83 32 57 53 30 18 3 20 30 56 23 62 67 17 7 78 29 93 54 42 2 50 65 56 13 44 8 80 87 50 92 8 87 22 54 99 99 91 31 64 19 48 67 19 79 99 63 72 19 97 48 25 40 36 55 44 55 32 
26 44 2 33 32 35 81 41 26 76 56 87 5 70 27 15 86 72 30 66 6 46 63 27 18 78 59 68 82 49 77 73 8 84 90 89 93 12 32 10 77 40 78 33 66 87 54 81 56 34 50 85 1 31 98 90 85 33 24 56 5 65 36 56 7 60 24 80 36 93 89 72 21 36 6 
89 61 98 62 1 42 79 97 86 23 12 32 25 74 23 42 73 32 35 34 87 33 4 92 38 39 18 12 78 30 95 46 19 57 90 50 82 70 21 24 82 40 58 3 36 29 53 87 11 10 27 64 95 70 81 64 32 2 18 91 79 65 92 74 40 64 52 85 58 22 85 73 61 28 29 
50 48 21 58 58 49 78 86 19 95 11 32 23 30 35 17 30 30 3 19 91 96 93 5 38 33 84 1 1 41 81 56 20 37 68 70 27 37 17 29 91 29 6 83 53 64 16 23 10 42 97 3 18 67 35 4 7 45 44 37 13 97 15 99 67 28 10 47 62 44 49 57 68 8 76 
57 17 81 26 42 92 21 33 62 76 48 17 100 50 52 87 21 94 11 60 66 80 87 48 95 56 61 53 64 32 8 53 55 10 80 9 60 29 25 46 57 49 20 23 99 82 65 96 73 65 45 5 71 94 58 77 51 11 66 92 98 94 48 96 45 84 88 68 47 14 80 31 53 91 60 
22 72 77 3 91 70 98 89 82 37 76 46 31 87 72 70 51 82 76 20 86 20 1 71 45 88 18 48 56 80 71 59 94 98 11 68 91 24 46 64 85 13 30 83 3 28 87 75 94 95 97 67 27 73 34 29 24 91 64 15 30 21 8 85 38 22 24 90 14 31 33 37 72 82 11 
19 17 43 55 29 38 94 41 92 70 21 52 76 22 59 99 93 86 80 71 83 32 64 45 60 33 73 95 76 5 34 77 11 82 86 86 55 65 21 41 33 65 20 50 60 81 38 69 14 37 22 54 79 15 16 47 45 15 47 74 68 16 92 89 84 22 52 13 49 59 19 79 72 16 53 
8 97 67 56 73 43 97 46 58 48 18 58 8 7 81 85 82 45 60 95 57 53 36 94 87 85 18 88 75 3 55 32 69 58 77 15 37 94 48 23 55 20 75 97 100 59 22 56 40 71 86 13 28 77 92 3 65 84 53 70 22 63 88 39 5 60 29 21 54 95 59 67 43 91 42 
85 72 77 91 77 84 44 46 99 32 75 10 60 77 87 44 86 3 80 6 4 51 76 29 71 65 25 88 6 10 77 10 89 82 84 30 9 99 25 84 77 80 7 94 64 41 86 89 32 8 99 62 43 5 67 93 95 76 4 28 48 96 65 35 58 73 63 99 10 24 90 2 82 70 91 
66 33 79 61 100 41 29 12 88 43 95 48 34 33 54 91 54 67 47 24 54 79 63 35 15 65 29 36 26 5 40 32 100 46 52 4 55 22 14 48 74 46 65 66 13 98 6 98 71 76 8 40 20 91 94 83 34 56 98 64 64 98 22 25 19 47 76 9 2 73 26 18 91 48 24 
88 14 54 47 51 94 74 25 43 90 3 32 48 54 10 78 43 83 80 77 82 95 14 2 36 21 95 57 89 20 86 33 93 83 57 58 51 7 77 11 75 37 89 51 23 70 6 90 57 61 37 8 49 52 93 32 36 41 39 18 78 53 3 14 60 46 46 85 16 56 3 62 43 15 15 
43 41 99 66 76 34 45 81 67 85 71 22 85 6 35 84 54 64 14 69 74 71 11 63 26 23 22 5 21 3 19 87 66 4 80 32 32 9 21 99 92 61 4 11 35 75 75 47 52 29 22 4 81 31 66 20 54 63 47 62 50 53 67 14 95 76 99 96 86 42 25 37 91 61 86 
98 55 63 41 81 64 47 96 4 83 50 52 61 79 58 23 97 95 57 37 78 17 95 88 48 93 90 10 66 66 13 58 29 40 75 74 71 23 72 25 89 51 23 90 81 48 63 58 36 70 33 57 85 38 52 89 56 15 18 92 10 95 53 93 33 77 78 62 90 78 75 94 43 57 81 
70 96 92 31 29 44 62 60 72 12 20 72 71 61 10 60 12 68 12 42 91 83 68 42 100 28 62 76 77 33 45 70 54 24 45 42 49 87 14 95 94 11 31 79 79 15 77 98 29 59 37 98 40 43 99 59 30 28 66 99 90 87 34 54 61 91 46 11 51 3 64 50 5 33 99 
85 90 61 47 24 27 22 64 19 15 48 93 9 87 55 20 24 44 90 86 27 70 10 94 99 5 5 31 37 92 34 1 55 45 91 99 51 56 20 47 48 66 13 21 85 25 14 11 41 22 85 14 17 86 81 92 45 27 95 29 14 92 82 70 1 31 39 63 42 80 73 10 16 56 61 
87 36 32 16 19 13 85 81 48 7 22 27 91 97 78 69 54 78 37 53 57 81 13 62 31 57 59 79 43 19 6 93 35 26 13 8 67 36 13 5 22 15 3 22 63 58 20 34 77 7 52 69 31 86 82 96 50 97 99 96 32 98 7 64 74 33 89 86 34 86 74 83 94 83 23 
50 44 26 71 52 93 21 84 77 55 75 53 36 75 13 72 13 70 9 45 45 65 91 21 47 3 76 100 46 13 65 28 18 46 57 38 88 80 83 11 73 14 21 50 73 53 42 90 28 27 85 23 21 85 27 4 94 89 85 86 13 38 1 65 67 62 13 47 49 86 36 74 17 83 41 
21 37 17 4 12 51 46 87 30 70 20 1 82 98 14 36 29 37 47 51 86 85 11 15 10 42 44 84 12 61 78 70 96 66 47 23 46 71 48 81 83 69 13 97 58 92 5 44 54 40 33 70 29 86 46 37 14 72 19 78 42 39 34 93 82 82 66 8 76 64 48 74 57 74 2 
95 40 69 40 12 25 37 78 32 23 77 78 74 16 37 61 66 39 47 30 40 8 59 33 47 1 43 12 25 74 89 55 91 79 41 40 74 64 57 69 47 8 19 35 31 24 77 92 19 23 69 84 23 4 83 71 10 9 16 36 93 94 83 34 56 48 55 84 30 70 51 3 30 100 32 
86 72 23 54 72 77 34 40 58 38 83 89 100 88 85 41 6 6 45 88 27 53 98 53 2 71 55 49 10 61 84 25 53 9 76 41 9 78 5 79 95 1 50 41 22 97 8 100 51 61 38 77 45 91 52 2 56 47 88 44 45 19 80 83 16 13 55 91 29 65 58 85 89 33 69 
24 81 25 49 10 83 38 54 25 55 41 66 59 60 24 23 85 72 64 38 69 54 62 78 31 80 59 66 16 42 12 39 85 41 98 53 10 93 77 26 4 19 51 91 86 7 84 64 23 97 41 10 2 1 15 68 64 84 11 91 12 24 84 51 14 83 95 11 12 42 2 63 23 40 46 
76 55 33 30 17 42 17 85 34 39 61 41 8 4 37 62 75 62 8 42 63 97 20 84 99 56 57 70 36 100 4 70 33 90 82 81 22 97 21 43 16 96 4 27 46 58 18 18 73 13 6 90 70 30 33 14 2 74 68 69 10 85 95 35 61 94 82 21 82 61 43 34 78 80 83 
19 62 98 37 17 52 84 82 57 31 17 3 37 44 17 39 44 92 44 33 29 61 17 92 68 92 51 81 5 12 53 97 18 76 82 83 48 40 1 87 52 96 95 4 35 11 3 51 95 71 83 46 78 15 81 90 60 47 71 28 48 8 50 74 65 18 39 89 56 86 25 38 15 19 43 
83 66 60 52 34 51 68 54 91 27 3 60 7 91 78 80 80 10 89 82 51 96 42 31 87 61 94 32 10 66 41 46 49 28 97 94 90 65 27 77 2 4 31 13 92 18 19 61 32 92 94 86 100 23 1 37 82 31 99 60 88 5 21 72 86 27 57 36 59 36 21 45 69 74 67 
1 91 99 2 66 33 14 17 74 43 57 22 32 99 68 57 61 73 5 29 50 41 76 87 29 54 3 63 85 91 35 1 68 62 28 91 72 38 10 18 1 94 44 71 19 69 22 76 17 53 72 44 55 39 52 13 81 32 75 54 42 22 92 65 26 42 63 1 80 98 99 81 84 10 84 
80 5 31 67 77 70 69 37 67 16 90 36 33 66 37 76 87 94 61 50 21 39 44 12 23 69 79 86 11 76 40 12 46 62 61 27 97 74 14 53 19 62 98 9 81 4 58 87 39 28 51 59 37 62 80 86 78 20 35 11 93 33 1 3 63 65 78 33 40 70 94 79 33 61 27 
31 95 54 8 27 13 37 88 16 73 54 47 49 56 97 48 4 78 22 58 43 56 63 45 38 66 40 43 66 22 95 87 94 99 90 1 67 77 65 76 86 77 60 74 66 95 16 3 27 71 22 74 56 15 91 98 2 5 50 15 79 31 97 70 36 32 4 7 7 71 90 96 100 80 99 
54 37 22 80 14 34 4 50 86 76 27 50 89 29 98 76 95 78 60 27 28 52 29 80 36 13 30 7 62 62 3 85 72 62 41 38 88 52 74 31 37 70 2 99 49 66 29 100 59 58 53 78 69 61 54 30 45 26 100 66 86 56 65 41 100 51 72 61 16 35 65 63 44 49 79 
54 65 14 14 81 28 74 36 34 39 3 68 25 80 11 60 19 64 5 55 83 81 53 82 24 10 32 17 20 62 45 96 23 62 6 58 56 28 50 50 88 32 19 22 36 37 22 14 93 13 4 59 71 61 10 19 35 5 27 32 31 50 21 21 57 98 97 27 31 91 22 20 68 29 79 
75 9 81 83 54 80 63 59 64 76 80 4 32 62 89 92 91 30 15 59 99 30 4 54 76 25 76 81 72 93 20 23 23 70 2 70 93 19 18 63 38 7 18 54 89 63 16 43 66 77 99 14 33 26 16 64 55 85 95 34 18 53 86 88 44 30 91 63 21 53 30 68 16 81 48 
48 99 85 72 96 27 62 52 46 13 99 83 75 1 84 62 74 88 25 49 77 89 17 100 20 65 79 47 30 70 73 82 13 70 28 69 45 69 45 59 85 33 63 76 3 62 79 22 95 6 64 94 52 77 48 15 33 51 32 67 25 16 58 99 45 97 9 18 69 58 51 22 60 11 67 
95 26 98 59 25 22 45 3 64 61 71 24 95 43 60 31 68 98 54 79 66 90 10 42 90 31 39 75 21 83 17 77 80 14 24 98 33 50 14 98 79 33 47 78 93 41 36 1 45 56 46 11 58 15 68 12 63 92 43 61 39 38 71 92 90 71 29 73 78 12 1 68 23 50 53 
61 39 56 65 67 32 76 57 30 37 66 1 68 41 47 51 96 34 85 54 85 37 91 9 69 81 81 86 48 21 76 55 50 8 64 47 61 82 33 87 99 72 48 33 37 29 75 4 47 34 40 32 71 61 81 62 56 8 4 54 35 34 85 71 7 4 88 20 45 2 76 58 66 75 59 
92 76 93 3 90 97 48 88 75 91 38 73 65 58 82 46 21 27 70 45 100 4 43 53 19 8 6 98 2 14 93 100 68 21 96 64 68 73 32 83 53 99 17 70 17 83 77 90 100 50 4 48 70 89 19 91 96 27 74 80 18 37 91 64 85 8 15 56 32 23 11 82 81 68 58 
12 53 61 15 95 80 84 67 83 96 4 39 75 37 13 24 23 31 94 39 4 22 42 68 87 37 89 50 58 67 7 23 79 90 12 76 30 31 90 45 33 98 20 48 74 99 27 82 7 56 97 36 7 45 54 56 67 28 4 4 78 98 63 4 22 52 35 37 3 69 68 58 94 61 50 
82 60 2 40 83 22 77 12 66 19 78 75 7 9 84 66 90 34 75 41 17 92 49 73 5 10 33 100 60 89 13 72 41 85 35 36 47 98 55 15 90 27 33 49 51 74 41 8 11 56 28 35 13 60 49 93 48 44 88 50 74 34 55 69 22 59 76 64 50 98 14 56 96 5 14 
23 14 65 14 90 86 8 15 90 86 17 18 61 70 4 52 25 11 61 10 9 32 74 48 65 7 77 63 23 31 32 40 68 38 74 51 97 26 55 91 61 25 56 17 11 17 78 76 78 33 84 33 67 72 36 60 6 95 92 77 14 17 98 47 79 99 73 88 29 90 91 97 81 24 27 
17 25 2 18 85 57 53 55 66 12 76 56 54 93 84 96 93 21 38 60 96 48 35 12 15 68 100 18 1 100 48 93 28 7 76 85 27 29 60 23 54 8 4 27 28 91 31 47 11 17 33 24 34 9 48 75 49 29 84 29 48 4 20 48 32 75 19 76 53 10 36 6 87 4 86 
67 8 12 21 51 96 100 45 85 96 94 76 26 20 41 45 80 59 28 69 61 88 58 29 2 46 21 84 88 96 40 15 69 96 53 34 70 15 50 11 10 83 75 27 14 66 83 75 14 9 4 2 40 33 11 20 13 23 85 32 55 51 82 98 57 37 64 75 63 3 86 75 22 41 46 
60 9 30 2 72 71 24 12 33 99 61 45 36 13 10 14 41 56 39 3 36 28 61 17 98 45 18 31 100 88 88 31 45 67 82 66 65 49 16 42 96 46 44 28 72 64 52 47 20 31 82 60 74 64 20 2 40 4 84 7 66 47 100 2 52 65 38 58 3 56 29 30 28 34 52 
9 50 90 14 10 35 90 27 92 17 29 71 56 95 38 71 70 57 4 24 87 10 27 37 9 91 30 6 15 87 88 4 88 44 63 15 3 37 92 45 98 55 58 56 50 48 28 53 12 98 26 63 12 75 79 69 9 65 72 12 21 41 87 49 45 76 53 28 38 48 83 5 37 96 100 
11 61 53 37 86 44 46 55 25 52 75 95 41 84 44 20 11 26 37 97 44 77 93 99 68 100 89 67 6 27 15 37 12 8 87 36 77 72 37 60 63 20 74 24 23 21 62 85 5 11 10 27 63 78 88 79 38 87 69 1 90 28 95 47 17 95 70 30 97 31 24 73 27 9 96 
91 78 69 76 22 16 87 75 100 68 1 24 83 56 92 49 26 22 32 14 68 100 79 78 28 57 62 57 92 36 37 49 30 17 40 71 71 94 29 41 45 21 67 21 9 66 34 33 56 17 15 84 73 11 29 61 95 88 25 94 1 20 89 94 41 66 87 40 52 31 2 50 11 68 80 
99 68 65 78 72 20 31 13 8 2 91 79 47 12 45 66 5 72 92 12 65 60 2 9 96 31 48 98 26 29 95 6 2 58 85 73 83 55 38 45 57 77 85 1 4 51 86 22 44 74 100 15 27 35 59 73 92 45 43 59 74 100 39 27 11 77 65 12 76 69 91 9 43 17 94 
20 79 88 16 87 82 53 49 36 53 76 8 28 73 32 97 76 23 77 12 47 63 47 2 97 9 63 35 42 86 39 39 61 51 83 19 75 97 26 48 68 13 90 29 64 28 48 7 25 45 50 64 69 15 28 95 4 68 85 51 72 73 72 67 69 91 24 43 81 81 70 80 51 22 18 
15 67 42 95 65 72 3 95 60 11 40 37 30 66 22 15 24 34 5 56 75 51 23 8 65 76 70 43 26 47 20 57 17 11 44 34 5 33 5 37 65 96 70 21 19 58 21 98 25 17 100 79 76 22 31 58 8 96 59 27 21 81 18 68 74 56 20 32 63 42 9 19 87 26 71 
26 45 35 50 97 91 4 4 70 8 92 30 76 29 30 92 99 23 58 97 57 60 81 30 60 86 62 59 48 6 92 56 28 92 80 95 57 18 13 40 83 89 36 43 95 84 13 29 95 73 94 76 18 10 38 29 57 1 50 72 17 10 60 29 42 48 44 77 52 39 42 96 8 69 61 
28 48 4 46 62 79 42 5 2 24 87 87 87 66 83 7 71 39 34 22 6 44 50 97 4 42 77 61 42 97 23 45 89 51 14 86 64 52 25 12 78 19 49 37 75 70 80 88 95 16 76 54 12 34 3 99 47 3 71 48 17 46 28 60 47 48 75 63 48 48 21 5 54 85 89 
97 48 65 92 84 46 15 91 61 72 47 51 90 26 26 25 64 81 22 83 63 70 98 4 87 47 34 52 86 84 54 82 16 77 86 53 43 71 64 87 43 49 62 58 5 89 72 24 34 27 31 45 22 83 71 19 82 53 38 4 37 76 49 92 87 5 6 41 17 72 77 50 87 17 8 
39 26 47 1 60 39 69 36 95 58 16 10 83 29 19 89 15 62 82 83 31 96 41 40 30 63 61 96 53 62 36 19 52 82 41 100 4 76 23 47 67 85 98 4 60 100 29 63 59 90 60 13 80 76 55 69 44 1 91 20 42 60 89 39 38 57 17 41 85 28 30 29 56 91 98 
6 96 91 96 80 16 1 49 31 40 5 44 74 42 68 95 92 87 10 96 22 27 3 99 78 73 30 42 12 18 84 12 38 36 43 94 80 7 85 97 60 54 70 53 12 83 53 6 56 33 8 5 97 2 9 89 68 27 65 15 31 66 29 19 65 72 70 5 52 4 96 46 20 53 87 
3 29 14 12 33 65 35 90 89 21 75 18 27 20 50 35 27 88 60 63 23 25 23 89 76 4 24 99 26 53 93 49 67 86 39 48 82 22 74 7 7 53 61 63 58 56 75 9 98 28 9 48 18 78 97 81 80 1 61 89 74 9 99 51 92 92 94 9 42 62 62 100 51 26 9 
82 43 1 48 42 8 49 67 20 76 38 66 36 19 48 61 56 31 38 46 50 70 5 83 74 12 43 87 55 56 82 7 56 4 92 15 99 92 81 71 90 71 66 48 87 89 88 47 11 87 50 13 29 52 87 64 34 60 18 16 7 87 95 99 19 70 22 12 52 36 78 34 43 59 38 
57 97 100 85 65 79 78 47 97 46 58 85 10 6 91 86 23 67 60 55 14 41 61 63 55 31 41 17 31 69 15 61 65 34 84 84 62 32 98 69 82 30 76 90 24 78 57 34 12 50 14 18 39 38 36 77 30 67 86 58 44 73 47 26 14 29 2 95 50 78 84 55 24 8 16 
20 43 90 47 70 25 39 99 33 92 97 81 43 22 67 84 92 22 79 71 24 83 1 52 40 5 76 68 8 16 56 33 52 3 69 92 52 23 41 45 21 60 56 40 35 67 95 53 28 96 39 21 24 90 71 39 52 78 95 35 54 95 84 3 18 48 95 21 25 28 14 61 37 28 59 
89 52 98 65 76 89 97 77 12 76 7 22 65 39 20 3 48 65 93 94 96 24 47 2 85 98 14 32 75 21 71 31 90 48 46 6 73 13 16 20 68 19 59 26 8 19 65 14 67 24 25 5 75 70 34 55 35 15 16 90 28 96 5 35 95 44 96 21 87 84 67 72 27 30 36 
60 41 16 7 92 26 16 80 38 88 56 14 44 32 7 70 23 100 38 92 27 88 7 1 71 30 99 86 99 13 89 84 59 40 47 89 81 31 99 82 99 95 92 69 77 6 98 52 92 97 28 67 48 62 11 5 82 11 50 89 88 86 36 39 30 9 16 22 82 90 51 93 71 18 77 
86 8 76 87 5 95 34 47 12 89 52 41 11 71 58 63 17 63 75 79 12 81 55 27 62 95 9 84 76 35 90 82 20 55 79 56 78 21 43 46 50 78 84 99 9 36 22 97 34 66 53 77 79 74 31 81 58 21 13 70 29 80 37 6 19 90 77 78 61 96 44 58 59 47 92 
13 73 86 12 70 73 84 32 26 100 54 48 65 37 40 56 75 46 84 68 25 33 78 89 18 12 94 96 81 16 86 15 39 9 65 17 89 14 99 58 61 31 55 22 67 70 47 58 11 40 36 93 58 1 30 69 2 76 60 44 49 6 10 69 65 39 100 94 45 46 86 48 31 46 12 
77 25 42 67 57 99 96 81 82 57 8 39 35 31 18 64 11 100 100 53 18 80 45 17 45 9 34 6 51 18 1 37 85 66 37 81 45 54 58 54 65 91 46 64 64 70 78 13 48 99 50 58 67 18 60 71 64 52 66 49 79 33 93 100 44 84 79 83 65 40 92 31 60 83 6 
85 29 48 19 81 63 18 95 87 83 18 42 98 45 85 72 87 49 73 15 82 66 7 100 41 76 2 97 43 70 56 92 12 47 68 76 70 78 23 66 93 15 41 39 95 98 12 23 88 56 95 75 78 39 23 58 58 74 38 46 74 40 7 72 42 59 97 18 15 5 34 95 77 33 5 
93 14 87 98 33 58 15 93 22 23 36 86 47 53 47 98 97 17 33 51 54 38 39 72 50 87 71 18 84 70 93 84 10 29 81 6 31 26 94 46 21 56 43 43 48 16 77 75 100 24 79 39 63 68 66 50 66 19 70 27 34 29 43 40 15 38 64 65 84 57 88 55 80 62 62 
32 43 2 72 47 66 28 14 68 93 52 37 4 48 71 53 27 28 27 61 22 27 69 28 90 76 18 7 32 83 8 40 39 52 55 67 57 49 81 24 58 3 73 69 76 10 5 27 18 9 86 93 81 40 54 85 27 62 51 74 82 9 57 33 38 75 71 60 75 95 87 40 41 27 19 
33 76 36 67 4 30 27 33 64 17 19 34 80 63 67 91 37 43 81 3 63 30 70 41 66 3 95 17 70 85 5 72 30 36 28 47 39 69 32 22 94 56 68 4 83 85 11 53 90 51 3 12 41 66 23 65 27 29 22 86 66 16 74 54 49 15 100 69 6 25 45 1 100 70 58 
28 45 78 71 26 57 44 13 28 78 45 52 70 36 8 93 71 26 88 77 11 82 82 60 50 61 42 7 90 38 21 13 3 100 30 56 3 39 76 62 20 55 61 51 42 31 91 96 24 53 75 98 53 10 26 39 42 83 64 57 36 18 60 17 34 38 41 42 2 93 28 53 46 42 26 
96 53 92 26 19 18 74 33 13 59 54 15 71 26 17 83 62 36 50 71 58 72 3 46 74 36 81 90 33 57 83 36 22 4 28 43 95 25 81 69 38 4 94 44 16 17 7 89 20 17 63 98 30 13 82 77 61 74 43 20 28 1 74 77 92 39 25 57 56 26 15 44 70 37 2 
67 90 95 46 34 88 93 45 68 62 98 98 41 61 39 27 62 28 42 51 8 83 44 73 6 16 34 80 47 10 8 7 91 80 13 88 3 100 36 22 10 62 31 65 29 75 59 3 59 74 88 40 69 49 36 32 68 85 28 76 29 43 38 31 11 42 76 42 71 13 15 86 9 67 88 
93 69 7 35 51 53 3 24 36 51 55 20 40 91 40 36 99 10 17 86 88 81 94 100 53 82 98 99 29 45 89 100 28 96 77 16 98 56 45 57 58 4 69 68 44 53 31 29 16 7 48 75 99 94 11 69 12 11 69 83 96 57 16 17 36 10 56 88 30 73 72 81 29 25 76 
51 13 74 58 18 25 72 66 84 10 32 82 9 24 41 74 38 51 68 90 39 95 68 56 14 37 47 56 5 72 72 92 6 36 42 75 100 80 81 70 87 36 80 39 3 100 72 79 19 81 55 96 69 27 59 30 94 93 7 16 4 97 85 38 88 62 46 45 11 70 43 16 69 47 89 
6 84 58 79 17 23 48 60 36 72 56 68 13 83 11 67 71 44 37 20 99 75 37 73 13 67 3 93 85 13 82 80 45 29 87 31 87 23 63 5 35 31 7 48 45 76 56 54 83 83 70 37 81 94 29 74 31 15 37 77 29 53 53 77 22 93 74 77 39 64 42 31 16 76 68 
99 95 76 56 70 74 4 93 97 35 31 78 22 58 81 36 98 63 47 64 71 73 29 9 5 41 24 98 28 88 71 61 56 63 28 62 75 37 85 65 84 1 14 86 1 50 83 12 13 74 4 97 71 9 88 2 76 82 46 1 23 87 93 61 91 44 46 52 44 45 19 63 64 94 54 
79 34 49 15 75 84 95 60 22 75 24 9 4 89 95 73 97 100 41 18 80 62 56 22 50 48 56 47 45 65 6 18 77 87 7 70 88 6 19 72 92 27 35 99 61 70 36 55 46 84 8 100 52 75 84 84 95 82 96 60 29 76 44 73 93 55 22 25 8 4 28 2 27 19 40 
50 25 83 58 32 6 88 23 15 43 98 97 9 55 85 74 77 13 20 98 60 95 78 47 5 39 27 14 29 86 87 60 85 25 98 46 39 42 73 73 70 79 23 48 45 54 11 62 83 1 41 37 99 26 23 100 64 97 74 94 17 79 38 95 90 8 47 33 14 66 7 51 92 64 14 
55 92 12 4 95 11 79 95 47 40 64 14 73 94 74 69 91 92 15 42 28 2 16 6 93 42 82 62 3 63 62 18 27 65 1 70 28 28 88 73 15 68 43 84 72 24 69 43 93 86 22 96 90 66 30 26 98 53 30 18 10 84 45 100 48 24 11 4 41 97 40 17 72 69 17 
57 26 23 95 13 15 98 18 39 66 54 72 16 59 9 30 18 55 10 47 74 15 90 43 94 84 60 72 87 62 32 28 13 61 51 71 85 83 37 63 95 51 93 87 6 30 90 13 29 33 37 88 55 74 90 44 43 92 27 73 68 20 96 1 24 69 80 83 78 69 86 65 39 32 79 
68 10 7 26 37 33 60 74 32 75 58 51 82 63 42 10 78 14 3 51 27 12 100 20 25 42 39 65 3 11 99 67 60 50 14 42 36 9 70 78 35 47 48 50 58 29 7 86 14 62 9 25 36 6 52 30 98 66 20 22 10 62 49 44 10 11 41 30 1 56 27 88 10 20 15 
90 30 97 60 35 24 60 51 30 33 57 4 29 72 46 16 98 46 69 49 19 17 40 94 28 57 16 94 93 48 80 15 40 17 21 97 8 41 92 25 48 85 47 87 53 94 50 63 84 36 72 46 73 48 38 89 42 86 62 15 68 40 25 46 55 77 12 96 9 34 41 16 28 60 39 
1 56 42 94 96 65 48 96 44 9 5 90 77 7 68 5 24 10 34 70 91 80 6 64 18 60 79 7 53 90 24 95 33 61 81 74 12 89 3 80 42 49 96 11 83 68 2 76 99 45 24 61 57 11 37 57 46 99 53 26 45 26 31 81 16 63 28 46 67 34 49 75 24 13 64 
35 57 7 92 96 26 36 34 93 91 89 98 1 43 23 78 91 45 61 1 7 1 77 66 55 23 12 99 71 83 17 13 36 69 29 85 36 74 16 24 8 35 63 64 79 63 52 90 18 24 72 47 67 62 100 61 22 8 49 54 85 71 65 55 78 1 67 73 54 61 96 100 49 64 72 
29 11 87 20 43 12 4 100 97 7 51 54 35 71 60 87 51 99 66 30 69 98 34 39 13 81 26 29 92 10 22 80 73 58 67 83 79 86 86 53 33 17 93 42 40 55 98 15 99 3 19 74 3 2 57 93 62 56 49 96 58 48 24 37 69 78 16 54 30 100 78 23 69 72 30 
63 10 72 17 54 4 40 61 25 49 68 99 8 95 86 91 78 33 71 7 72 76 24 93 69 50 32 21 67 70 64 46 27 24 100 91 83 95 83 25 86 29 34 28 11 50 37 31 61 92 95 11 79 34 31 96 4 100 4 91 15 10 64 93 52 45 51 24 93 2 13 51 21 91 13 
20 76 12 83 40 49 18 16 70 47 80 17 44 37 62 92 21 97 15 31 87 96 37 20 96 78 18 62 30 60 4 2 39 74 62 92 16 88 44 64 86 50 90 58 29 14 71 61 48 48 96 18 92 19 63 99 88 73 85 28 74 45 32 20 47 35 7 99 61 31 63 61 5 16 71 
30 60 98 29 14 81 72 93 44 33 49 97 37 67 2 66 20 73 40 75 64 11 3 12 95 5 32 38 83 99 26 85 51 48 2 13 32 76 29 43 54 62 73 52 10 69 13 90 49 73 26 5 30 70 39 57 24 37 11 58 51 57 31 76 43 8 66 11 3 52 82 42 84 22 10 
38 43 30 67 34 7 6 98 60 56 74 31 93 61 79 72 71 65 45 79 90 40 50 72 5 50 57 56 11 52 91 86 95 31 60 1 46 3 20 57 52 42 93 83 7 51 77 31 17 10 75 41 41 13 45 24 41 48 10 76 99 74 55 87 78 91 79 17 26 34 51 4 8 92 23 
19 2 37 55 5 49 63 83 2 90 90 18 12 46 6 42 4 82 68 70 46 33 17 58 83 80 95 81 19 84 72 12 83 35 73 15 11 49 2 59 51 94 14 69 67 43 21 87 91 95 82 96 35 92 56 75 3 93 100 52 9 79 76 12 16 12 75 14 71 33 26 54 29 10 71 
27 94 84 89 29 7 76 10 66 21 79 27 8 7 79 6 24 49 35 14 49 51 26 79 26 15 24 59 72 7 50 100 98 28 9 89 5 20 84 12 93 39 34 44 1 68 32 5 17 77 87 73 61 97 20 28 58 73 33 83 51 42 66 95 9 20 66 71 35 61 37 71 40 68 93 
58 10 80 73 93 38 33 38 13 23 11 20 85 73 3 29 79 53 48 81 45 50 39 100 57 99 72 7 54 21 94 82 44 89 91 26 90 86 53 76 65 76 60 19 22 69 13 42 13 51 25 11 7 56 90 45 74 90 27 51 50 38 2 1 35 17 81 55 98 15 84 44 77 15 74 
22 39 22 68 8 67 44 19 29 32 35 29 8 92 54 38 26 58 77 31 41 92 95 36 4 67 59 88 82 33 7 64 39 29 91 73 38 84 57 37 29 5 62 87 34 33 81 65 38 32 2 9 59 91 86 41 23 26 57 86 68 68 67 57 51 80 1 69 76 45 81 32 71 34 80 
18 42 95 73 33 16 45 86 10 14 87 44 39 58 93 23 82 11 10 94 78 82 48 27 72 35 8 58 86 70 19 91 83 56 75 87 66 30 98 99 48 53 17 31 25 61 36 93 21 62 72 46 62 77 55 12 96 25 13 34 47 38 53 4 41 53 9 7 2 81 49 66 93 85 8 
9 29 83 79 44 54 10 96 53 19 50 35 14 87 43 32 61 36 44 88 31 17 93 81 34 23 69 22 92 13 95 35 21 77 67 79 80 18 51 25 82 64 48 12 85 51 40 89 12 34 68 6 52 98 81 42 25 37 46 94 81 18 89 33 7 81 4 40 20 9 59 84 99 86 78 
27 14 3 17 4 26 79 27 9 22 51 65 65 23 75 94 7 23 11 45 9 12 5 88 76 11 41 6 1 52 58 68 62 22 57 44 94 56 8 31 14 52 45 21 94 6 26 84 82 43 90 71 84 84 75 8 46 56 39 38 89 19 77 52 54 86 23 49 5 53 66 85 44 40 47 
100 57 30 41 40 24 56 58 2 99 99 57 5 53 26 11 71 20 79 29 56 97 28 91 62 33 83 3 6 96 4 22 56 92 27 3 41 37 81 94 82 49 46 19 8 76 61 99 51 39 21 89 41 23 61 85 94 73 37 38 15 35 68 27 92 78 22 73 45 37 24 98 41 92 59 
57 83 7 52 85 44 70 83 37 48 5 32 34 97 97 31 63 94 72 21 38 68 35 39 38 66 20 100 32 94 78 18 6 29 14 91 37 97 88 78 43 37 76 90 31 44 14 8 49 66 57 9 1 57 59 33 11 94 94 86 11 75 65 71 6 29 38 58 24 19 96 15 6 3 43 
14 20 83 97 20 76 84 53 92 27 86 18 36 54 45 96 22 75 24 89 56 17 20 66 9 43 25 45 24 65 55 48 37 84 98 83 34 12 1 87 34 93 16 37 86 8 6 94 46 13 86 85 13 33 81 15 54 63 95 47 45 23 86 23 23 42 72 92 88 33 11 5 87 45 93 
56 9 33 16 70 65 5 57 77 22 18 59 74 10 2 99 45 56 48 92 46 20 46 85 18 97 92 70 78 96 36 91 93 55 15 71 73 20 37 52 60 9 34 74 15 26 53 19 4 43 84 18 72 62 86 31 93 53 5 62 44 69 71 28 98 12 28 8 45 29 40 80 92 18 31 
18 43 46 34 19 23 25 62 23 96 83 50 76 95 14 43 27 38 19 51 83 19 25 55 61 52 24 75 38 59 15 40 39 2 49 26 83 26 8 82 48 17 94 4 95 52 14 67 61 92 43 16 77 41 50 58 74 47 84 18 72 9 72 25 85 78 58 95 62 14 3 9 81 14 26 
55 12 6 73 97 43 46 100 33 66 89 23 67 14 62 16 58 39 87 22 52 20 37 65 49 41 80 70 84 14 70 61 95 91 34 87 19 99 29 39 90 75 40 84 75 49 39 38 36 51 39 52 60 22 37 8 87 27 24 45 60 88 7 8 30 54 47 89 27 27 47 60 88 91 42 
98 12 11 41 34 86 12 76 45 22 62 5 20 87 17 11 12 41 75 46 43 19 66 60 36 73 46 8 14 34 54 47 57 98 40 33 91 93 40 8 4 20 29 63 53 14 94 86 73 89 87 45 24 38 56 31 90 76 16 72 20 98 44 11 11 69 8 66 90 56 83 75 22 15 60 
64 57 96 63 36 57 10 73 76 76 86 80 37 96 59 32 36 16 48 15 58 7 42 59 43 20 44 69 62 66 37 82 57 53 91 6 42 86 88 77 31 63 98 37 58 45 64 49 16 14 91 33 72 24 65 83 60 34 3 71 75 82 82 10 15 8 50 82 52 64 26 16 51 63 55 
67 38 89 24 50 18 46 5 89 82 28 86 98 81 96 80 29 94 35 62 3 35 75 45 94 69 39 65 98 83 46 84 61 60 2 96 11 14 11 50 54 21 90 52 51 85 3 54 33 75 4 54 65 22 73 27 5 53 74 49 34 42 98 54 24 66 8 24 33 67 4 100 47 43 51 
29 45 71 41 80 75 66 15 96 13 53 70 25 8 16 9 53 39 5 57 22 44 62 28 19 70 96 96 67 15 66 45 67 59 93 33 34 80 54 2 87 82 89 66 76 43 77 15 27 18 84 48 9 88 82 73 98 62 4 17 34 9 75 42 30 2 23 63 52 37 47 84 53 91 54 
33 50 7 78 48 92 7 16 54 76 13 36 20 86 9 12 5 91 14 44 38 93 32 7 17 64 31 38 10 3 53 2 13 85 84 64 58 18 27 25 99 23 61 88 34 36 41 23 94 44 39 19 95 4 92 11 3 83 39 23 90 57 27 38 47 92 26 6 51 7 4 21 41 45 52 
68 91 4 83 30 88 98 47 45 68 52 18 3 6 63 85 97 68 6 30 54 100 89 34 36 73 52 15 4 16 31 15 69 88 85 60 80 97 2 11 76 4 60 45 86 97 93 23 3 37 72 38 47 69 31 29 69 8 33 96 52 40 49 30 51 51 24 12 1 41 86 34 89 9 21 
4 2 53 15 34 10 38 84 64 59 43 45 89 29 70 43 61 66 42 25 14 65 62 70 38 94 67 4 81 16 56 91 49 52 22 99 18 87 25 4 28 24 69 88 70 22 70 3 98 82 17 23 51 56 1 80 94 32 22 4 16 91 99 51 83 9 39 70 49 50 83 45 27 30 75 
2 20 43 4 9 70 16 71 27 61 51 81 46 69 98 69 6 74 89 79 89 29 99 70 4 23 13 45 83 34 13 14 13 45 45 9 97 36 37 62 80 75 75 12 100 68 12 6 51 75 66 57 82 9 69 91 77 21 78 44 1 67 65 78 99 91 62 38 90 43 7 80 6 24 82 
