25
87 75 65 16 10 40 100 74 50 46 65 35 55 83 68 62 39 76 48 4 66 11 83 17 54 
73 6 7 97 24 50 70 40 37 78 22 16 11 19 22 99 89 66 74 67 52 33 66 44 15 
12 50 4 93 2 71 71 87 19 44 75 96 17 89 87 77 45 94 38 48 66 29 67 35 37 
26 66 44 26 24 97 45 83 9 46 93 81 37 58 75 48 32 97 4 22 4 53 64 94 93 
20 9 80 7 64 35 24 4 76 61 17 78 94 36 5 39 96 63 69 19 36 50 53 11 60 
47 55 54 76 29 88 44 79 2 63 44 52 17 68 97 60 8 51 12 71 27 62 6 29 48 
86 83 30 38 72 60 75 86 27 62 96 26 26 61 48 3 59 41 22 54 15 85 64 31 90 
41 17 76 71 60 55 13 60 99 50 80 46 72 94 95 43 10 7 100 72 36 97 2 15 5 
91 56 74 27 72 20 53 6 43 47 94 28 49 48 16 75 35 41 63 33 1 96 98 42 76 
21 18 49 23 37 69 11 81 90 8 60 77 5 46 80 67 14 81 33 93 58 51 59 42 23 
96 31 84 90 71 62 29 36 12 55 23 63 80 76 4 81 81 64 62 5 100 14 7 50 26 
55 71 23 92 28 83 68 33 17 22 42 97 28 10 60 15 45 66 6 68 21 76 31 38 78 
84 53 1 5 42 43 19 23 36 76 20 72 54 15 68 2 71 43 4 98 51 32 90 36 27 
51 52 89 65 23 9 97 53 44 30 93 4 29 64 26 97 48 86 84 81 98 85 100 5 57 
96 55 54 9 99 88 68 31 19 89 72 41 54 62 32 19 37 75 45 27 5 95 34 41 28 
22 1 74 27 93 43 87 8 39 4 86 41 43 74 20 58 22 64 68 36 34 93 71 69 21 
39 14 58 41 100 71 62 52 89 59 32 85 53 31 65 39 11 66 68 47 80 49 66 19 4 
7 10 25 29 39 67 19 80 6 90 39 52 7 97 89 32 15 51 92 17 10 56 5 89 38 
50 77 92 9 57 30 40 75 74 18 13 44 33 43 95 22 16 59 24 9 79 34 57 52 18 
48 47 85 51 73 76 94 47 81 3 92 45 51 8 7 70 69 67 91 33 31 87 23 57 6 
10 50 2 9 80 59 55 76 5 19 4 16 74 63 17 67 54 41 3 95 63 71 70 50 34 
9 77 25 80 27 2 73 54 73 24 1 18 48 93 60 10 17 31 96 39 18 62 93 97 10 
11 38 63 19 44 52 93 36 1 67 55 80 93 12 92 67 83 45 49 11 59 38 16 86 88 
68 67 9 48 88 60 56 91 59 76 24 80 91 78 99 22 77 91 18 41 30 94 46 30 13 
82 67 4 84 88 19 72 21 32 2 49 17 29 23 98 71 74 52 46 83 78 50 42 91 26 
55 18 87 57 62 57 41 29 71 10 86 84 20 43 55 52 2 74 43 80 53 25 44 76 39 
56 25 84 53 57 83 57 71 37 46 56 82 66 9 53 64 61 99 65 10 47 35 12 63 21 
96 43 3 23 84 99 28 22 98 20 60 25 59 26 9 43 61 95 69 79 97 7 15 23 13 
2 39 36 70 14 48 94 45 79 20 61 87 71 84 11 64 90 97 49 50 57 88 3 79 11 
14 67 9 64 75 24 15 74 19 77 47 97 75 96 4 27 81 81 31 11 8 13 29 63 91 
34 94 14 6 98 25 62 30 97 45 22 87 24 11 75 75 61 50 59 4 65 43 58 42 96 
8 10 56 43 79 98 88 8 98 38 67 10 61 96 7 31 90 43 69 20 57 74 57 10 83 
61 22 65 37 21 83 38 30 96 42 76 44 14 91 54 22 51 87 96 48 41 10 62 94 76 
98 55 91 100 20 88 31 17 50 32 64 21 32 81 78 44 53 44 32 35 16 50 42 40 31 
12 58 2 28 31 16 88 41 12 67 86 57 41 72 89 57 31 31 97 8 3 10 37 22 87 
41 10 16 71 99 48 58 51 50 23 14 98 41 72 17 4 98 71 92 54 41 43 52 71 24 
29 42 86 16 22 12 95 58 41 31 4 25 78 66 33 63 61 38 76 39 44 98 35 67 81 
49 18 4 70 76 93 89 26 54 94 25 26 18 61 33 95 16 9 82 24 95 54 23 20 42 
14 65 17 6 19 59 92 66 57 40 35 63 20 45 55 60 39 74 43 72 98 53 23 51 7 
11 65 3 90 72 25 91 30 13 24 80 43 100 44 75 32 11 80 33 47 95 25 96 93 14 
90 42 3 59 51 47 9 54 79 56 5 46 9 8 46 26 15 41 87 75 28 49 25 32 30 
18 52 79 58 81 100 3 43 94 59 89 17 88 24 52 41 26 2 3 48 29 46 23 72 71 
5 18 29 82 77 28 60 16 94 94 10 82 24 6 14 77 36 94 49 79 42 62 88 28 70 
44 11 30 65 5 20 61 67 52 77 92 62 21 30 71 40 2 4 47 73 6 96 40 62 18 
25 24 68 19 28 99 20 30 31 49 62 69 44 31 86 96 100 94 78 72 72 28 92 53 12 
50 96 4 93 20 19 61 81 43 17 48 16 56 96 73 16 74 89 98 7 1 66 44 17 80 
28 67 83 66 71 71 34 26 16 28 51 26 50 36 68 40 48 51 19 86 81 17 39 10 18 
74 13 72 27 28 96 21 28 20 43 100 55 70 71 63 53 45 67 69 15 18 38 62 55 14 
54 43 1 39 9 36 26 32 55 53 23 60 32 89 35 71 4 95 60 35 12 93 20 43 8 
74 87 66 27 52 84 85 62 9 21 31 81 14 55 43 72 49 82 54 1 73 11 20 84 23 
76 53 90 79 87 91 64 73 28 93 86 27 61 54 79 17 63 99 45 31 45 47 73 24 87 
28 25 74 27 80 85 86 23 40 81 63 51 83 30 11 68 56 99 11 21 78 78 29 62 18 
86 51 73 64 22 34 64 77 28 86 46 80 8 1 79 24 71 28 43 11 63 36 10 90 85 
97 11 94 1 46 77 24 29 93 12 50 36 5 48 62 14 6 38 40 86 83 44 77 34 92 
90 82 6 19 36 9 91 89 32 80 78 52 23 48 52 5 99 64 41 84 8 79 97 81 70 
51 11 21 3 4 92 12 67 16 83 56 66 13 27 6 77 3 91 48 87 38 88 23 42 47 
57 51 2 70 95 11 85 81 82 57 26 42 21 29 96 14 92 3 98 54 97 42 74 97 78 
59 87 15 38 36 58 90 14 22 59 27 86 67 17 25 37 8 72 17 68 86 61 10 100 37 
84 44 33 58 41 63 49 6 12 28 93 51 97 36 14 29 3 60 4 40 84 52 61 60 92 
90 94 84 53 81 79 59 37 76 35 64 63 53 73 34 63 94 35 8 14 46 47 12 31 20 
7 35 40 41 67 62 64 3 60 92 8 74 54 56 66 11 64 16 5 68 76 96 17 14 65 
99 48 40 94 12 16 9 63 77 32 85 22 2 37 72 92 64 29 60 21 73 3 27 59 11 
15 91 39 91 32 63 51 29 15 45 11 15 65 81 50 55 34 6 73 32 47 40 57 30 90 
99 4 47 85 7 49 62 41 32 59 25 8 91 78 72 70 2 31 41 14 93 66 75 25 27 
40 99 36 72 13 74 98 53 80 87 58 41 7 6 97 74 50 51 49 80 28 70 94 62 22 
6 4 86 59 12 64 22 80 82 60 12 72 32 62 23 62 35 32 10 24 34 4 35 60 3 
78 35 19 4 22 60 85 29 68 44 66 87 62 83 82 5 91 85 79 3 57 38 31 68 42 
86 82 88 86 56 60 22 16 98 96 52 56 52 4 88 36 59 44 48 94 42 26 85 50 84 
93 77 38 83 1 51 70 29 4 80 25 55 70 84 7 70 78 97 68 96 14 54 31 79 81 
9 28 49 84 53 1 38 97 10 58 1 8 12 12 60 55 89 73 44 22 12 56 98 3 21 
63 34 88 61 12 46 88 94 47 66 55 51 27 62 90 6 69 64 5 67 71 96 29 24 28 
41 30 27 46 24 54 14 44 67 44 60 1 12 17 55 46 72 31 63 49 31 33 89 74 2 
92 47 90 71 11 59 96 74 75 30 67 32 58 78 53 50 96 64 7 26 54 32 77 28 11 
57 66 64 91 9 70 42 70 46 51 89 100 92 29 5 14 31 26 49 52 62 7 1 61 20 
20 68 26 39 65 73 15 48 82 59 69 98 28 12 56 41 16 41 62 74 85 75 88 62 37 
