50
59 20 100 19 64 3 48 60 5 82 28 55 50 41 75 63 62 79 99 41 26 26 31 63 76 68 6 80 32 95 41 35 90 57 91 30 47 93 55 40 20 1 38 3 74 25 55 70 92 40 
32 42 61 33 40 11 86 70 84 93 45 96 85 33 45 35 31 88 69 45 26 2 11 12 5 85 57 72 71 35 46 46 19 64 71 8 84 87 100 48 16 88 92 35 59 18 53 86 45 9 
10 20 8 40 20 9 11 80 85 74 74 41 55 37 65 58 59 14 66 97 88 77 61 50 97 52 55 92 77 23 75 86 66 96 92 3 14 87 85 96 52 23 96 47 28 86 10 38 67 32 
70 40 62 27 74 78 26 80 51 55 85 42 44 96 19 97 15 58 64 30 9 18 60 24 56 12 44 27 67 39 81 93 7 85 54 35 25 46 23 98 68 33 35 64 43 49 97 58 68 84 
53 23 4 22 51 86 68 69 34 51 14 29 47 26 2 18 88 95 75 35 94 39 35 55 28 94 54 10 45 49 84 36 63 69 45 33 19 37 33 51 12 61 95 96 32 77 89 7 82 86 
95 85 58 25 42 81 7 22 9 66 58 41 7 71 98 8 16 51 95 82 56 90 72 21 88 25 89 62 81 63 14 10 53 99 92 69 53 92 84 87 62 17 40 46 46 72 12 43 100 9 
32 61 77 1 48 43 95 41 75 57 57 26 84 88 20 73 88 92 46 25 13 1 16 68 70 87 71 63 86 47 5 22 70 68 67 6 23 99 67 65 38 83 84 33 15 67 23 3 94 20 
82 91 21 34 46 84 66 84 30 72 35 2 51 54 4 55 36 89 68 70 44 15 84 70 45 5 13 15 3 87 44 93 35 83 97 21 77 61 94 75 94 60 14 9 61 42 4 22 38 13 
85 24 5 84 27 59 56 88 13 12 56 57 45 19 33 75 23 16 77 29 14 87 63 70 62 51 95 92 99 89 99 68 33 84 10 5 27 100 76 63 38 86 12 88 79 2 86 64 15 56 
23 75 29 80 89 71 13 39 22 50 87 64 67 60 19 53 82 95 1 68 10 55 53 65 52 45 82 20 39 64 34 60 90 24 41 14 7 79 77 64 95 60 32 76 62 12 37 8 31 73 
10 90 20 70 3 26 3 62 46 78 8 8 54 34 7 44 2 28 20 92 22 47 16 55 32 36 4 40 68 55 26 96 63 5 31 38 84 95 70 93 48 9 75 66 90 10 13 5 22 39 
94 77 53 97 47 26 62 9 31 80 23 44 50 70 5 11 98 13 47 70 49 15 97 21 15 79 79 22 18 36 77 85 70 35 2 98 7 37 43 9 45 90 59 34 40 95 12 13 13 9 
48 90 71 96 84 53 85 46 65 44 39 11 72 95 31 85 37 90 36 12 98 16 45 20 18 74 30 66 6 88 88 78 38 49 54 66 22 11 42 88 63 93 82 4 26 41 23 62 51 86 
48 83 61 52 27 39 59 39 99 57 1 38 15 72 54 92 36 58 47 9 90 96 58 58 53 73 37 44 42 61 81 42 28 75 50 100 14 30 10 48 25 5 3 18 2 6 42 14 57 71 
77 58 85 48 11 91 98 22 81 34 50 26 72 33 35 55 90 28 83 14 51 20 70 49 57 63 71 27 17 81 94 21 60 82 69 88 52 77 80 44 94 64 86 45 84 15 73 40 58 14 
7 52 2 75 56 51 22 43 14 40 87 71 66 44 75 68 73 18 86 100 61 53 28 49 44 19 40 36 26 14 76 92 74 64 51 5 58 6 10 92 24 14 23 46 29 16 8 64 94 75 
12 98 23 86 71 21 91 80 39 37 67 43 79 30 31 33 38 91 96 18 58 3 37 25 61 28 44 2 40 52 94 100 6 2 58 5 74 12 9 52 60 9 86 68 98 17 41 81 17 9 
31 83 61 92 74 60 97 14 66 59 27 67 51 10 24 57 24 95 64 55 51 19 29 98 31 53 67 4 54 56 48 12 58 12 87 2 53 99 58 63 48 14 41 68 44 45 84 11 79 78 
4 75 99 50 30 52 16 23 73 89 45 44 41 40 25 53 16 49 83 34 58 44 89 44 64 17 64 9 22 20 51 27 5 77 86 35 80 82 59 93 43 100 70 41 94 75 92 36 94 43 
6 68 64 62 33 15 19 61 26 1 47 26 24 84 12 18 73 49 95 6 25 49 35 68 73 88 54 39 55 10 19 82 49 80 37 85 92 33 58 22 27 44 43 97 29 47 68 84 69 42 
15 19 54 55 83 92 64 34 86 31 55 90 79 7 82 94 79 81 97 66 85 97 68 12 65 22 86 8 27 67 94 43 35 77 11 100 36 50 48 70 56 36 100 40 85 44 93 7 50 9 
40 53 69 47 63 93 37 99 17 57 21 93 4 84 19 98 27 63 53 44 21 96 12 25 71 41 58 38 9 36 71 61 77 27 43 76 67 29 68 68 25 75 96 83 87 57 1 46 56 7 
58 82 10 89 79 37 96 29 86 17 56 83 99 44 66 9 44 33 6 7 36 26 98 13 44 90 92 95 83 36 17 2 29 88 62 59 85 66 36 88 16 51 89 30 28 81 53 45 19 24 
82 43 84 2 59 37 94 7 13 99 45 36 33 59 13 99 1 52 64 42 62 35 95 12 38 14 84 19 21 67 1 73 20 32 27 79 28 29 24 55 13 13 22 70 6 34 8 96 49 45 
12 91 45 12 5 84 51 80 83 100 96 80 81 35 6 34 14 57 32 12 60 8 12 3 72 72 5 49 83 58 91 41 76 71 4 42 3 74 79 56 45 5 51 52 23 2 34 78 51 37 
17 66 98 73 14 25 90 97 3 84 6 97 43 90 39 74 28 72 18 98 51 1 19 30 37 98 57 29 66 73 8 19 41 42 10 44 2 93 45 80 22 54 16 97 73 83 28 6 5 35 
71 54 4 92 11 94 71 26 100 13 23 82 90 13 83 60 96 67 11 76 78 11 77 89 41 42 93 32 26 79 71 88 12 1 87 3 94 8 3 40 48 31 96 39 38 56 52 97 75 59 
23 11 52 61 96 60 35 63 14 7 46 81 6 68 1 26 70 13 18 96 49 85 3 49 46 100 95 40 3 14 23 4 45 91 80 29 63 10 14 17 44 91 46 73 97 99 62 67 35 33 
52 77 34 8 93 96 87 34 24 53 38 20 22 8 67 53 48 6 39 64 10 37 34 25 71 22 43 22 61 5 54 47 89 64 34 46 48 15 7 93 74 14 31 23 84 31 43 18 26 4 
40 40 26 47 4 31 42 82 25 91 3 84 16 8 25 75 66 3 3 80 16 35 40 55 18 14 60 57 50 31 15 83 26 70 99 4 73 17 20 86 92 41 87 84 10 44 49 84 65 4 
57 21 65 20 52 27 33 32 62 20 94 62 3 10 3 9 22 38 61 55 96 53 11 17 36 84 24 66 62 33 79 68 8 64 2 86 50 23 45 2 8 96 32 42 30 97 32 74 45 26 
14 58 2 10 51 55 40 67 37 24 56 7 4 29 61 1 52 48 5 69 88 91 100 54 79 45 43 74 64 44 81 59 54 25 57 99 90 15 85 29 53 13 41 46 71 57 6 23 52 97 
78 99 3 14 100 57 86 22 9 4 75 35 15 24 13 27 55 67 12 89 72 8 34 5 88 98 45 24 87 89 65 91 95 91 44 14 72 32 45 39 76 40 72 57 81 100 9 66 24 96 
68 73 49 33 17 15 55 39 30 36 11 52 22 32 22 21 43 44 32 86 19 35 31 81 78 57 50 89 41 41 38 17 44 35 66 96 10 4 46 25 85 45 72 22 26 14 87 82 4 72 
43 85 50 47 16 27 71 37 39 7 28 21 74 76 36 51 43 44 24 93 56 71 30 90 100 7 83 82 83 30 83 75 93 84 43 88 40 24 87 50 38 55 57 65 33 94 69 41 17 58 
6 43 25 96 51 21 77 10 80 23 17 39 37 81 67 1 72 100 69 22 38 19 37 69 8 46 66 45 51 66 98 43 54 75 10 84 54 9 46 10 80 58 79 50 88 96 8 36 69 78 
52 36 97 61 4 53 60 39 57 81 73 40 44 30 89 9 53 53 3 31 93 96 59 9 33 84 48 96 77 52 66 4 50 28 87 10 96 4 51 4 55 44 27 5 63 67 93 45 53 10 
25 4 20 11 64 44 76 7 84 45 89 11 88 58 22 72 55 54 51 79 60 15 4 93 88 9 38 59 21 61 55 19 3 38 65 88 62 77 86 93 57 4 39 26 95 87 81 56 51 70 
55 45 69 90 13 39 64 30 36 79 99 91 21 47 99 80 90 58 33 52 57 61 57 77 97 69 26 50 72 52 2 47 80 41 79 52 46 85 67 83 24 29 99 54 37 90 54 44 41 72 
75 100 11 63 57 26 78 13 70 46 72 7 31 82 17 4 20 80 36 34 42 27 3 94 95 68 36 27 73 39 37 47 88 81 35 15 71 58 14 71 16 72 98 77 39 24 98 66 75 92 
35 54 82 20 35 32 63 37 24 53 57 28 34 23 89 55 37 51 1 73 25 13 9 83 81 55 86 10 80 80 35 29 9 67 4 86 63 93 96 80 36 40 8 85 45 31 37 66 68 92 
90 46 14 25 72 12 74 13 19 47 9 77 30 10 61 38 46 72 23 11 53 68 95 27 8 72 1 7 43 8 71 50 88 85 2 68 43 59 99 42 91 31 71 26 39 29 14 56 21 31 
97 71 70 77 44 73 11 14 36 25 58 8 16 78 28 24 29 82 22 63 9 63 70 25 29 6 99 18 27 43 94 40 77 46 93 8 35 88 77 63 92 1 13 58 25 44 86 35 28 15 
14 65 54 89 81 28 53 30 19 6 62 11 84 12 43 44 94 27 98 19 76 9 63 96 36 55 98 82 91 65 26 89 51 33 65 33 83 34 37 81 54 74 93 21 91 64 2 51 50 65 
37 100 50 13 18 40 8 81 65 42 80 74 75 62 6 48 57 48 70 76 15 77 58 8 8 6 2 75 83 22 96 40 2 88 65 25 68 18 58 5 6 82 36 16 12 79 32 72 85 32 
32 80 84 73 60 9 40 18 27 84 47 29 20 40 23 27 32 61 53 11 17 48 90 74 13 95 75 99 22 88 58 44 14 76 35 67 46 77 13 19 40 83 16 51 84 62 55 28 34 6 
60 30 9 74 10 23 29 35 52 71 30 26 93 26 13 59 91 13 24 15 98 21 14 16 20 22 19 36 26 37 48 60 92 75 33 100 32 58 88 23 83 71 78 95 52 60 84 82 13 43 
14 47 13 43 99 43 68 84 57 88 90 67 36 28 97 15 12 29 93 8 76 48 72 100 12 22 52 62 89 83 75 26 93 99 59 70 82 97 100 98 21 33 19 15 88 29 34 98 59 19 
23 61 95 32 41 3 25 5 57 86 49 83 68 25 49 8 39 79 10 15 91 50 89 20 30 53 4 76 47 20 87 80 55 76 86 57 77 87 84 78 78 35 32 16 63 96 8 26 93 49 
78 9 28 64 47 88 32 45 87 8 12 91 38 77 84 79 11 45 15 95 7 67 99 94 3 5 38 100 30 84 25 81 53 43 80 93 29 72 5 30 14 65 48 26 60 11 87 54 81 57 
51 58 20 71 79 67 18 56 67 100 2 45 65 82 84 65 79 86 13 37 8 90 73 41 2 74 47 95 66 97 12 100 52 99 90 91 60 53 32 95 29 61 26 91 93 93 25 49 6 77 
58 67 55 61 39 68 43 73 70 75 12 27 28 16 63 92 2 27 1 87 34 29 66 70 97 81 67 79 55 27 81 7 21 42 16 54 15 59 99 24 95 60 89 16 90 87 20 29 78 45 
90 54 8 16 64 20 96 42 76 75 63 93 39 9 33 4 91 16 81 49 27 49 39 6 64 26 76 13 68 14 50 62 99 62 90 49 79 37 69 1 75 52 18 73 91 59 58 43 46 97 
95 18 24 75 86 38 66 77 45 4 27 13 61 59 95 23 90 11 93 84 66 27 86 48 39 91 90 65 5 44 89 69 30 98 22 85 62 23 19 81 14 11 53 46 88 56 25 8 59 52 
76 24 94 25 87 71 34 42 42 54 16 59 62 21 71 95 89 8 90 43 23 55 40 72 90 68 54 61 79 54 37 33 15 53 19 11 37 70 50 25 87 97 64 89 17 24 91 2 99 23 
91 11 7 56 98 32 47 92 92 50 83 49 77 11 9 18 23 90 73 87 72 20 64 92 21 67 88 54 57 53 39 31 6 1 82 6 91 18 32 90 57 77 42 37 65 70 8 16 62 77 
39 83 79 28 88 68 44 12 55 52 26 5 27 48 56 35 46 35 27 11 92 70 56 18 24 5 43 26 52 96 30 32 81 32 54 60 57 87 76 94 51 72 40 25 83 95 10 41 21 67 
26 20 80 32 33 25 32 69 62 92 84 68 25 64 32 77 68 66 3 36 56 81 87 60 59 94 39 5 35 67 11 92 41 73 64 25 46 42 39 52 43 23 70 38 100 2 10 9 92 30 
70 64 30 84 40 38 56 93 93 54 58 95 42 52 34 46 53 17 53 100 72 24 98 61 88 16 65 76 72 100 27 10 38 44 79 37 35 17 83 48 10 77 53 16 10 86 61 82 48 33 
11 21 19 80 30 56 49 51 41 72 58 50 23 42 17 29 6 86 73 51 24 87 18 59 56 69 29 38 20 74 21 34 60 74 68 47 47 36 11 37 42 92 76 7 45 9 28 9 2 78 
52 86 78 40 85 34 65 58 87 65 98 7 86 46 22 1 29 35 57 59 4 28 7 80 15 35 87 65 88 87 16 22 55 62 1 58 34 96 16 7 80 13 3 34 41 51 20 87 83 99 
96 45 9 98 53 69 66 41 99 79 56 32 16 41 21 67 94 98 16 5 38 82 56 68 14 50 35 87 85 85 19 87 12 52 62 85 68 23 18 21 39 96 20 34 34 21 45 13 50 100 
34 42 4 70 75 67 90 61 33 56 65 40 49 23 73 77 16 91 9 72 10 65 3 37 17 96 36 82 52 11 68 60 26 70 55 6 34 26 84 84 84 5 32 36 47 1 95 37 68 9 
30 57 7 71 84 17 15 25 87 2 31 68 70 18 84 94 31 35 34 23 25 51 10 11 18 65 93 63 24 38 47 16 81 75 93 86 33 47 10 97 69 20 25 56 17 14 89 3 14 43 
45 54 7 36 88 8 30 28 40 47 18 10 64 68 68 75 24 100 86 79 41 100 3 66 13 49 58 91 4 76 13 20 42 79 96 70 24 23 67 87 49 62 38 88 76 25 64 94 45 21 
34 83 68 76 53 2 43 30 51 69 6 91 42 85 62 36 44 11 47 94 91 35 92 48 68 3 54 3 36 64 22 38 43 14 39 66 88 57 80 91 36 13 70 67 76 42 31 40 68 85 
71 35 32 86 53 43 29 41 46 24 42 38 8 20 25 79 97 29 15 48 42 30 75 31 39 77 90 82 87 76 21 96 86 3 1 40 81 32 28 52 41 96 43 46 93 72 37 71 61 40 
39 94 78 25 78 78 84 57 8 89 59 7 30 25 86 11 9 71 88 36 100 16 68 54 45 23 100 67 32 51 38 70 91 81 85 37 56 80 41 60 76 26 11 59 66 31 40 62 86 5 
25 31 78 39 5 42 17 24 97 21 8 82 20 27 88 51 71 97 20 30 100 13 32 58 30 97 35 99 75 100 36 98 49 25 76 35 31 72 70 4 70 22 80 95 64 3 55 10 94 23 
23 99 41 52 62 58 39 72 8 27 7 97 31 22 15 65 21 39 12 11 69 38 27 27 59 53 41 25 70 34 28 87 100 16 67 66 39 13 51 46 41 97 85 73 27 15 6 22 98 25 
18 88 11 29 23 12 27 58 6 33 62 5 38 52 59 83 28 92 16 73 43 1 5 5 57 1 100 63 37 42 50 83 92 79 67 74 11 11 95 65 55 95 62 91 49 41 70 49 35 56 
59 55 62 39 68 51 43 89 5 79 27 13 20 88 85 45 29 92 67 96 69 68 13 17 33 5 67 81 57 89 92 10 22 3 50 61 57 50 40 52 59 29 94 23 19 68 86 32 47 21 
67 68 60 96 34 11 5 85 99 92 76 90 27 62 85 1 76 55 27 38 43 49 27 69 40 17 1 76 20 9 92 80 22 54 88 5 88 14 73 46 24 49 37 52 57 77 59 10 67 90 
42 96 64 55 38 32 39 19 7 75 41 82 66 99 62 96 69 56 91 18 62 100 39 62 63 85 12 86 97 37 81 14 33 53 29 61 30 99 23 99 29 16 24 1 1 42 97 22 93 25 
30 22 60 33 98 3 20 18 49 22 85 89 67 76 73 73 58 4 75 43 64 85 98 78 58 71 20 96 15 63 24 60 4 1 54 100 97 37 44 57 73 27 81 70 12 95 62 49 80 43 
17 35 80 43 98 61 33 36 47 82 31 93 76 37 73 17 95 7 21 91 10 30 67 3 34 27 60 28 74 41 72 42 1 48 74 24 58 77 7 37 19 15 85 26 70 92 38 6 84 100 
36 44 51 82 44 58 15 31 48 79 60 76 19 6 83 64 99 38 60 17 36 13 85 24 95 39 89 13 72 27 83 45 23 66 85 43 70 75 11 83 23 71 87 51 44 51 42 20 43 25 
93 75 29 13 44 51 22 45 62 62 3 19 20 85 13 90 4 44 71 42 10 59 40 21 69 6 51 35 56 45 40 46 90 77 89 26 30 21 3 75 26 82 13 40 53 53 95 56 30 59 
4 9 5 69 98 24 64 85 52 86 47 36 13 19 88 61 54 23 20 91 44 91 39 58 34 38 59 50 10 81 34 91 47 52 18 27 22 89 21 28 86 10 96 88 38 37 1 81 8 54 
15 51 13 67 35 83 89 9 41 47 78 85 84 91 74 50 99 6 5 100 54 58 43 87 10 29 11 57 28 7 33 75 74 9 100 88 50 89 81 43 62 18 5 8 67 48 96 24 73 13 
82 84 96 65 71 20 78 6 4 75 28 79 89 11 17 74 21 61 33 89 83 66 78 23 65 15 35 92 80 49 50 91 56 40 1 47 18 18 100 40 38 96 17 73 65 26 66 41 23 31 
41 32 29 86 66 19 20 50 22 18 65 20 29 79 19 92 26 77 78 75 68 64 86 100 6 55 66 27 10 47 3 82 100 61 75 88 82 63 29 27 99 60 6 12 33 9 58 5 47 93 
52 29 26 75 87 28 61 53 83 67 72 25 45 57 68 60 76 34 46 83 51 34 6 32 48 59 72 89 9 13 22 59 36 95 34 24 93 98 95 43 2 29 43 69 7 75 88 11 73 65 
8 57 5 10 15 94 38 1 87 86 97 19 52 75 14 36 94 3 98 87 54 16 19 79 6 4 56 56 64 8 15 91 4 63 78 6 54 43 11 80 11 2 43 42 27 66 34 21 68 69 
91 39 15 36 9 82 69 45 88 80 17 48 91 21 11 22 78 74 37 16 16 2 48 79 98 40 57 4 75 53 80 64 20 96 44 97 13 58 81 12 14 38 62 48 89 21 49 4 4 70 
7 93 61 9 91 64 39 70 95 55 20 94 58 67 87 45 67 72 59 44 38 91 25 2 18 71 16 21 29 96 62 15 82 75 38 9 1 45 67 44 95 10 41 57 100 40 50 26 51 63 
42 5 39 55 40 54 43 39 80 29 26 64 96 58 60 18 69 80 26 81 13 1 7 33 69 70 88 65 90 61 50 42 33 79 35 34 52 15 43 76 89 87 19 97 92 74 21 40 29 49 
31 54 32 1 93 11 13 69 28 99 25 14 69 17 11 13 18 95 1 58 16 40 3 2 85 61 4 67 40 1 26 58 62 4 34 33 59 41 84 54 43 9 18 96 48 95 13 14 86 27 
67 74 58 88 28 56 23 86 74 39 58 57 94 15 29 12 35 4 90 28 91 52 3 78 99 24 96 90 54 67 92 60 16 22 59 47 89 34 94 94 35 54 89 71 100 61 56 79 88 94 
51 80 89 15 24 84 20 65 89 78 55 89 50 11 99 86 63 66 42 46 21 48 6 13 28 18 43 30 70 63 25 89 100 38 97 48 14 85 84 10 11 45 24 11 82 17 96 74 95 82 
51 96 96 6 17 14 82 9 79 75 17 42 97 94 9 29 33 97 2 60 16 11 69 18 11 96 95 43 41 10 36 13 92 86 90 45 85 95 14 7 26 85 30 7 6 78 75 93 2 86 
12 10 98 48 60 52 89 81 86 62 96 68 27 46 14 20 84 51 37 93 66 4 41 86 17 61 54 71 46 23 24 79 33 93 11 82 2 98 86 58 91 50 69 57 28 74 12 86 97 74 
20 87 63 24 93 1 55 80 69 31 86 26 99 85 48 32 57 51 28 49 21 89 76 40 56 6 68 24 16 24 32 45 31 99 54 17 4 20 38 41 65 68 16 57 1 85 31 25 21 36 
67 63 86 19 79 81 1 93 55 86 49 17 20 13 31 9 19 46 55 96 88 77 79 26 19 84 96 50 100 33 64 41 69 48 49 84 20 72 53 48 90 31 76 17 2 80 11 82 28 91 
33 1 82 56 77 47 52 60 25 3 19 57 86 59 82 81 11 11 54 93 49 94 5 49 58 19 59 62 43 64 21 100 88 7 66 77 97 47 54 9 44 3 34 15 8 4 49 39 71 39 
39 44 55 80 10 49 19 84 26 94 62 4 83 75 58 71 35 56 14 77 80 63 56 35 3 16 82 94 15 36 30 89 5 72 46 75 32 81 3 85 72 80 92 43 69 45 98 83 36 72 
92 67 11 22 51 17 25 34 69 48 2 13 8 94 52 7 45 39 41 98 59 25 67 85 6 31 46 42 89 5 51 96 47 15 41 43 89 69 65 5 26 45 68 19 23 44 19 54 79 81 
96 44 84 3 15 49 82 23 57 15 8 69 78 51 94 33 45 11 60 60 28 18 41 29 42 26 86 16 10 86 33 75 18 92 87 11 45 19 62 71 22 19 13 34 55 86 54 79 83 43 
53 25 81 15 60 52 29 74 11 83 44 53 89 6 62 82 26 1 36 70 6 58 25 47 56 78 58 14 32 44 85 100 67 90 26 83 61 91 52 71 74 48 12 81 79 42 24 38 15 84 
1 53 26 21 19 9 11 74 97 46 97 94 35 41 66 6 87 18 41 72 82 3 61 33 68 19 70 25 53 88 4 99 98 26 94 15 62 84 25 32 80 34 62 1 28 57 92 96 87 12 
61 44 68 29 82 45 4 79 85 81 91 88 51 62 48 62 61 74 53 26 47 33 8 50 46 23 8 46 94 40 44 84 49 17 24 16 57 30 22 44 92 48 5 46 98 12 89 10 32 92 
43 60 66 27 28 13 47 11 53 84 41 80 99 98 13 67 15 3 91 22 70 80 83 21 17 61 84 12 75 12 19 70 86 75 40 30 54 42 58 99 21 92 58 12 38 16 27 63 78 46 
45 79 41 80 57 34 86 38 28 10 8 66 83 68 16 27 80 80 67 25 5 87 10 25 48 95 68 30 66 40 12 28 11 4 16 75 63 33 12 65 25 55 68 46 82 68 47 34 45 60 
15 21 48 82 11 51 38 99 38 31 56 30 21 41 63 89 59 5 65 15 28 87 76 75 38 98 2 6 15 49 30 58 85 85 92 21 17 43 24 20 77 61 25 47 3 74 97 23 55 47 
91 82 23 4 55 64 71 87 82 5 89 36 6 51 82 49 88 42 24 31 100 42 88 11 6 91 20 42 49 74 100 56 49 7 70 50 41 29 83 51 39 26 83 6 46 80 68 58 8 18 
6 97 27 29 48 67 81 63 62 51 99 71 98 67 14 35 98 40 80 49 1 37 98 73 32 74 37 45 9 58 35 89 13 61 16 47 78 63 53 45 84 50 11 8 43 72 71 72 15 62 
63 58 94 96 23 6 15 22 54 56 69 4 74 81 82 50 75 5 85 30 81 40 4 81 25 97 89 99 70 99 39 99 59 24 44 34 46 75 77 43 5 2 90 51 5 56 57 4 16 88 
90 95 41 23 7 42 16 41 22 52 81 31 58 16 15 51 74 33 35 78 97 14 16 20 1 82 12 52 72 44 15 42 76 61 67 14 61 100 46 45 33 70 23 32 73 85 73 78 49 39 
76 49 29 81 34 51 41 10 38 8 97 58 10 89 12 7 65 34 38 45 11 27 65 79 90 100 82 10 85 12 34 58 30 21 20 66 43 42 99 4 9 38 52 40 16 89 89 85 97 79 
75 63 29 50 87 65 56 22 16 24 69 59 80 26 30 74 95 61 12 26 6 82 7 50 30 71 96 64 75 33 46 91 46 32 2 72 11 24 32 1 13 34 45 79 76 86 4 90 35 48 
35 89 37 41 31 36 51 73 24 7 55 86 41 66 53 68 19 29 83 16 40 71 66 45 86 76 47 45 96 7 59 94 95 69 38 58 40 33 55 11 99 81 45 54 30 77 86 35 54 28 
17 26 43 7 68 68 67 48 87 59 85 40 66 13 84 74 100 65 16 58 53 92 79 33 4 64 26 42 35 82 29 32 80 45 100 37 35 42 26 9 24 49 58 89 88 9 44 69 65 93 
90 15 10 100 62 65 88 98 34 4 16 19 95 6 61 55 10 31 34 60 44 37 45 51 45 57 93 96 96 13 81 2 58 70 88 20 48 21 99 46 60 37 50 73 86 62 36 13 63 43 
32 54 5 3 26 91 50 28 93 36 44 55 92 15 49 52 64 29 65 24 19 82 100 76 95 24 75 42 96 2 100 4 24 52 8 94 62 19 75 45 13 50 58 25 3 67 86 77 90 24 
7 81 95 87 20 96 43 2 96 31 99 78 21 67 41 70 52 45 24 38 42 28 44 32 73 60 38 37 8 76 32 24 75 59 80 41 99 22 78 71 90 90 80 84 59 99 100 87 28 55 
19 74 96 36 51 68 74 20 13 9 24 71 85 46 28 56 94 24 79 98 92 20 47 17 29 27 61 91 95 41 53 85 24 31 50 19 45 72 6 59 13 52 46 47 59 71 40 39 32 34 
10 44 23 47 12 94 71 85 30 60 48 90 6 18 94 27 3 82 59 35 59 61 54 90 57 58 11 51 53 13 40 27 9 82 16 68 96 4 61 11 20 50 3 49 80 82 90 52 58 48 
11 27 31 10 14 47 49 56 25 9 83 93 90 88 36 6 19 7 58 72 53 4 59 5 96 89 80 35 38 9 90 92 33 5 35 12 92 31 53 15 50 21 57 78 19 83 37 46 74 77 
100 67 84 40 11 84 90 33 13 1 82 99 59 89 63 14 65 50 76 72 34 98 44 74 86 29 25 70 90 36 6 93 95 98 4 88 21 5 2 95 43 39 55 31 43 51 30 8 85 74 
44 96 13 48 69 34 5 38 71 31 73 49 9 55 94 63 68 99 93 4 14 78 28 32 68 4 96 80 41 6 99 2 77 94 22 69 28 7 95 96 71 88 93 86 77 5 57 67 14 85 
31 89 14 85 24 54 63 32 58 56 98 17 57 82 12 27 19 92 40 99 61 58 99 44 55 4 25 94 94 50 34 70 16 36 64 28 66 40 41 42 69 6 67 25 73 35 1 39 39 21 
34 46 27 85 21 73 12 61 98 82 97 71 13 92 64 71 67 85 62 1 93 6 28 59 10 56 70 46 55 77 81 58 28 62 41 26 80 23 34 31 22 46 38 17 53 55 79 86 21 69 
51 26 3 93 50 20 62 50 100 69 36 81 57 70 2 12 8 60 76 26 68 43 89 97 13 55 21 72 13 90 83 66 35 70 57 83 21 11 29 98 43 23 50 11 80 48 7 49 19 97 
74 76 8 55 52 60 21 100 32 35 29 38 14 35 96 67 99 66 93 91 86 91 43 59 71 1 26 5 90 45 67 74 92 73 44 67 44 70 56 88 16 48 37 12 95 22 80 56 45 34 
49 52 82 43 14 99 22 61 18 83 27 19 2 19 75 33 74 38 88 66 68 87 62 2 100 72 91 16 47 16 62 59 76 46 13 47 56 19 62 88 75 9 77 97 68 93 36 53 79 87 
62 64 88 48 24 48 5 95 85 55 77 75 95 67 10 29 40 23 64 5 96 1 30 56 50 33 54 27 87 65 62 20 38 35 90 73 14 72 36 90 67 70 69 17 20 72 62 16 17 99 
7 29 42 88 99 19 94 77 21 17 83 22 47 12 38 95 38 72 20 45 99 76 80 99 12 68 40 23 41 40 67 84 80 72 98 94 17 86 14 21 95 28 63 19 87 69 92 60 73 75 
38 6 5 79 28 3 81 57 2 93 9 65 60 1 48 3 74 9 55 9 41 75 7 2 89 94 10 4 89 74 74 40 55 51 34 29 29 72 52 63 69 45 58 64 98 82 98 70 40 12 
45 86 49 52 64 65 60 65 39 58 19 17 5 10 98 15 86 40 37 69 53 27 58 30 67 19 79 51 30 75 52 14 41 76 5 77 86 41 82 84 96 50 82 2 63 32 53 83 6 4 
67 26 51 99 77 71 91 69 12 38 44 33 46 61 44 84 21 13 47 54 76 41 75 57 99 57 33 72 96 56 49 43 59 74 90 44 53 28 70 3 88 40 100 100 50 62 75 98 92 4 
98 93 49 69 32 34 91 86 83 72 56 91 41 44 84 92 48 22 22 20 8 57 66 66 8 79 29 1 87 92 76 30 88 70 95 36 86 43 86 15 67 14 58 78 18 41 97 85 75 33 
49 1 19 73 31 65 85 45 46 10 20 16 17 77 60 6 27 37 1 81 82 95 96 87 14 60 95 86 79 45 69 96 36 50 61 88 93 85 62 7 21 26 54 81 38 63 41 21 68 26 
90 64 33 2 24 37 42 24 29 70 20 79 17 56 4 30 84 67 49 94 70 65 12 76 82 45 26 17 15 65 36 32 56 47 57 2 79 62 46 20 21 90 27 68 44 95 68 54 27 75 
32 86 46 14 59 37 73 50 85 72 68 39 5 98 62 95 95 19 86 31 22 32 4 28 15 93 7 84 90 72 23 63 70 63 2 56 67 23 44 22 50 45 76 80 47 10 36 22 82 54 
78 59 47 36 13 69 29 6 94 57 99 84 96 49 32 14 88 1 56 78 64 20 16 27 85 52 53 82 73 36 57 95 48 74 39 2 55 10 52 73 18 85 27 87 40 61 39 4 5 16 
10 5 70 100 29 75 95 94 34 97 72 3 86 23 69 15 16 43 18 93 50 76 97 11 32 77 90 50 76 45 19 67 77 56 3 44 57 70 95 84 11 63 97 11 48 99 20 33 96 80 
55 39 80 57 59 45 12 41 23 85 37 71 43 65 18 61 96 2 18 23 86 19 10 59 77 91 67 6 58 53 14 11 94 73 69 72 28 22 74 8 15 10 82 32 65 96 68 14 50 27 
78 20 26 45 82 71 18 34 10 53 95 59 83 12 8 1 26 85 26 99 16 63 3 74 65 7 88 22 47 35 81 4 8 57 8 8 28 19 1 7 83 29 89 57 30 76 40 44 88 94 
34 85 44 40 45 18 24 96 22 72 94 34 64 35 71 67 61 57 19 49 40 82 37 99 68 14 76 60 82 20 35 60 11 36 21 49 1 60 18 90 70 64 67 74 67 60 82 77 97 56 
22 47 77 56 59 69 36 72 84 55 66 16 94 66 6 13 70 96 6 4 15 48 70 69 41 63 6 57 1 59 33 44 7 38 5 64 99 64 56 27 95 71 18 58 10 20 90 7 86 22 
89 47 4 60 11 87 33 96 16 50 93 100 81 68 52 51 16 100 63 36 35 61 99 33 6 46 80 99 96 90 16 84 2 26 63 20 63 61 31 35 99 71 82 41 61 81 79 15 65 63 
98 2 78 8 3 56 80 8 90 55 48 41 79 54 34 6 63 13 25 46 7 68 21 76 12 12 60 90 3 88 13 92 70 93 48 61 81 91 37 24 35 56 89 24 17 18 99 7 28 92 
31 96 59 26 17 98 11 37 55 36 25 21 20 21 97 67 60 7 58 26 53 15 12 63 42 81 56 72 64 87 38 3 4 16 76 14 82 62 14 4 46 62 90 48 74 48 59 31 11 35 
25 44 28 54 38 86 44 87 91 9 59 73 88 45 35 40 41 59 83 40 22 100 12 93 12 35 86 19 4 36 59 38 63 65 86 80 42 84 2 56 28 71 16 52 54 58 61 9 55 49 
28 39 44 51 79 9 61 21 74 33 22 47 15 71 47 64 18 27 87 28 23 22 14 77 73 76 76 36 72 38 24 55 65 69 76 96 32 30 29 76 54 70 56 43 46 43 84 47 31 39 
51 91 9 68 100 24 37 57 33 22 29 98 97 64 87 39 44 85 12 30 69 55 3 9 97 44 39 42 73 38 43 1 40 53 33 97 11 90 99 4 90 6 59 9 57 61 8 31 69 92 
38 31 66 31 100 70 99 27 48 24 52 99 53 83 9 12 56 35 86 78 63 71 57 57 58 52 24 75 72 28 9 83 74 11 87 45 93 83 44 11 32 18 34 18 68 22 50 54 85 69 
11 2 31 69 26 95 67 4 44 56 51 90 9 62 37 57 89 62 35 77 92 1 52 51 20 99 77 72 49 60 41 26 63 98 24 58 18 75 59 89 4 76 8 69 90 42 12 37 25 99 
76 72 23 80 73 20 46 37 69 41 88 46 48 58 26 87 47 70 27 22 84 11 54 23 75 89 38 24 16 61 17 97 63 43 67 56 92 5 45 96 61 15 38 82 65 68 35 17 86 13 
15 41 52 28 65 56 17 63 82 51 54 24 58 65 31 80 5 97 3 53 61 78 28 36 76 77 18 12 30 90 67 77 23 61 90 89 28 93 56 43 64 69 6 91 96 9 62 3 3 53 
