100
48 55 27 16 4 40 54 63 98 100 68 58 75 94 32 30 2 24 34 81 98 91 92 72 59 64 45 55 6 56 86 24 24 86 66 40 74 59 61 12 50 93 41 72 79 64 22 80 65 49 4 44 51 33 92 46 88 30 19 73 28 23 34 15 23 89 87 94 12 12 36 61 43 41 38 23 7 88 5 60 69 54 45 65 80 10 70 91 14 54 68 25 82 93 78 16 46 29 94 64 
58 15 95 12 17 68 42 97 70 25 67 58 100 85 52 10 2 64 5 80 35 99 4 59 88 99 13 74 84 64 49 98 19 50 43 76 22 99 22 33 68 8 21 33 81 6 15 44 12 56 13 100 53 6 23 91 69 62 33 6 69 85 21 29 76 67 99 35 69 90 70 72 5 84 21 21 15 70 85 77 55 81 96 91 79 68 30 24 16 70 86 79 93 47 21 57 68 86 12 85 
21 27 96 1 86 7 96 37 59 83 63 36 68 33 58 50 6 91 10 35 10 36 12 67 29 94 80 28 20 18 37 9 77 85 39 80 6 85 23 44 2 78 53 70 42 14 51 1 37 52 37 6 81 51 4 54 25 6 35 6 18 100 79 100 19 55 27 74 83 39 98 16 86 25 12 44 51 71 78 17 38 17 5 84 86 12 19 7 56 8 61 60 18 89 1 43 9 39 73 31 
5 70 87 8 7 96 11 80 87 35 4 28 45 98 74 5 13 48 95 62 39 92 86 83 87 21 96 84 79 86 4 29 36 21 41 25 85 78 44 99 81 31 61 82 88 43 6 66 57 36 44 23 97 51 42 14 64 71 91 39 89 22 3 43 84 14 61 94 61 74 49 26 86 29 55 86 38 15 19 32 92 89 87 32 42 82 85 96 71 35 53 45 54 58 31 91 26 8 80 96 
62 2 3 67 4 71 81 31 6 3 8 69 59 46 39 44 55 70 95 43 37 80 13 46 36 93 57 85 60 87 72 56 44 67 27 85 63 64 60 44 92 56 21 9 20 76 65 32 52 4 100 39 25 8 43 43 70 6 84 6 12 30 92 4 50 79 51 94 61 23 3 79 88 64 41 25 45 39 61 2 82 33 69 40 19 48 45 8 90 81 82 56 44 12 97 39 75 76 58 90 
88 63 58 92 36 33 100 44 24 24 23 93 69 8 34 70 5 50 84 86 46 84 82 76 16 68 13 21 18 3 46 98 61 97 14 14 10 35 53 50 99 78 87 59 87 27 49 72 70 10 6 85 3 5 92 63 66 25 45 83 79 90 49 32 83 94 28 80 71 92 7 39 16 59 29 19 43 36 82 6 71 77 64 72 24 89 68 59 53 36 35 61 82 91 4 1 74 65 66 98 
91 3 36 86 64 13 92 89 87 83 97 44 74 81 28 68 45 97 54 88 97 85 71 35 7 33 60 37 10 28 55 57 27 45 64 25 72 85 74 90 58 25 29 100 30 52 82 50 43 24 99 23 66 13 41 96 83 81 67 8 61 12 88 28 16 2 60 30 63 43 18 82 77 30 62 84 34 84 63 70 79 62 41 17 61 28 59 32 93 70 69 65 19 66 86 71 32 72 11 13 
51 70 71 71 30 53 52 5 2 52 47 87 48 49 75 84 48 17 17 43 91 8 16 86 17 78 58 14 48 18 93 48 6 84 23 100 38 5 78 88 55 65 83 72 5 48 36 22 67 31 79 45 52 72 11 24 50 9 49 46 55 92 86 4 73 43 33 59 77 97 88 64 49 51 27 42 87 39 50 12 91 87 79 60 72 74 88 18 8 38 6 21 96 47 64 64 73 30 49 9 
14 89 5 45 64 96 24 75 87 53 90 32 20 6 8 29 44 72 83 8 69 16 71 52 65 31 53 10 40 89 45 26 72 47 89 32 86 42 63 87 26 75 94 44 76 20 30 10 50 61 53 7 89 70 51 9 68 65 37 90 98 72 16 52 25 44 51 2 17 22 20 7 34 41 42 12 89 27 100 73 14 26 6 67 79 9 82 75 26 31 85 78 57 16 48 12 73 3 97 90 
28 62 20 89 4 23 52 47 76 36 53 91 10 32 82 31 100 9 87 68 88 6 93 25 94 93 45 38 20 52 41 89 10 57 47 77 41 58 34 6 46 34 95 35 62 4 6 93 91 24 32 64 46 56 56 48 40 54 57 4 80 10 59 33 88 21 12 56 50 29 52 55 77 19 51 50 18 24 9 41 82 75 2 32 78 2 43 22 1 100 1 84 2 74 32 17 33 97 85 40 
96 46 22 24 85 20 2 57 63 47 3 85 27 84 83 93 51 21 33 9 69 39 88 70 34 67 84 20 92 96 34 24 85 30 57 16 24 66 33 41 32 1 21 6 51 72 46 38 1 15 50 19 43 59 43 7 7 77 35 88 48 20 89 24 62 26 4 10 28 28 17 53 73 67 58 96 29 28 14 68 48 97 5 62 46 38 44 29 65 36 64 66 61 31 33 91 23 28 64 79 
54 24 7 62 62 95 76 37 33 61 55 42 29 60 21 30 67 87 55 95 73 28 77 25 6 23 72 42 68 55 1 75 68 69 51 19 15 79 78 12 52 34 8 20 48 8 64 60 12 76 10 40 93 78 20 24 8 81 91 88 30 85 22 23 73 65 5 62 52 4 23 36 44 31 59 13 3 69 46 51 50 78 55 100 23 66 55 42 70 3 86 42 22 70 9 73 33 24 5 18 
2 57 96 69 20 20 81 14 79 99 69 10 52 92 57 70 77 49 54 42 69 75 95 22 91 36 21 61 54 12 28 63 51 28 96 68 100 83 62 30 1 36 78 61 99 31 84 45 27 90 55 32 5 87 18 17 69 100 80 14 74 5 12 93 86 73 80 72 79 53 96 57 63 9 98 7 24 13 15 23 20 44 71 7 79 47 12 88 99 66 85 75 51 25 26 61 53 47 44 91 
72 87 72 5 33 48 30 10 46 56 21 35 46 29 22 96 43 41 93 69 54 68 51 31 49 43 39 8 69 99 69 49 82 83 41 56 66 48 66 38 6 23 6 14 90 10 94 67 71 55 56 71 99 67 80 68 21 89 24 69 15 20 68 18 98 100 34 95 54 48 87 87 57 20 78 54 93 65 11 93 37 73 51 80 60 52 31 54 66 47 2 38 15 75 52 71 36 1 27 34 
32 2 88 7 96 43 1 72 32 70 11 33 15 40 78 17 87 65 57 11 46 63 22 55 97 70 69 24 42 17 28 80 57 7 89 4 32 100 95 50 9 66 95 17 14 41 87 23 8 4 21 22 4 71 4 38 51 60 46 100 69 20 81 11 1 8 38 32 78 64 12 74 68 26 4 32 3 51 10 21 80 76 20 17 83 68 77 76 17 5 39 84 79 44 4 57 30 20 2 68 
77 49 10 11 51 48 77 94 66 58 34 89 9 14 60 62 91 15 13 57 54 43 69 88 53 64 22 86 8 95 56 63 54 15 35 99 89 23 13 38 76 55 50 37 12 87 6 38 33 4 40 39 36 64 50 39 46 34 63 45 10 61 36 50 81 39 8 41 1 16 27 23 83 65 96 6 61 23 22 30 94 60 76 91 94 38 74 91 56 39 27 81 17 56 29 30 95 40 89 45 
46 24 27 36 60 35 49 94 19 62 87 25 92 86 16 68 76 60 45 96 39 29 53 94 63 24 77 26 68 53 26 87 6 2 53 13 32 45 69 30 20 70 20 50 63 64 96 90 43 37 74 50 97 49 1 77 15 89 70 68 7 53 28 79 86 99 26 49 25 26 38 1 76 91 99 35 21 91 93 71 65 22 73 90 96 74 27 39 43 63 6 31 51 68 28 89 47 70 90 65 
24 50 50 40 80 36 98 82 7 51 99 77 32 71 32 33 10 3 17 9 40 28 92 43 26 52 85 46 98 61 97 3 28 1 32 18 58 42 79 43 48 32 65 19 58 88 83 35 2 54 48 12 94 88 70 43 54 27 90 47 96 17 62 68 63 45 76 7 73 40 1 98 72 79 72 3 51 2 81 52 52 55 76 72 86 54 16 42 41 90 100 37 72 44 15 71 67 80 85 18 
41 17 46 76 83 7 20 42 63 2 80 89 59 59 72 10 33 42 83 28 2 64 10 30 13 86 34 10 15 36 3 35 45 54 29 57 91 79 45 24 58 94 38 34 10 59 62 47 67 43 5 86 97 32 49 89 25 51 62 80 73 35 43 23 86 25 83 28 50 93 1 68 75 68 49 86 90 99 44 98 63 65 45 96 71 20 85 43 89 76 19 57 66 75 21 63 82 41 16 44 
86 9 57 44 8 93 44 40 42 25 29 57 48 45 100 78 7 94 36 74 47 37 79 11 70 92 94 67 88 74 51 89 95 7 49 76 53 58 80 7 51 94 42 47 48 21 52 63 93 51 97 33 38 71 80 88 92 38 91 33 26 54 75 35 74 10 4 16 51 32 71 1 80 94 24 100 8 14 28 31 50 60 91 99 55 18 19 27 2 25 33 21 90 72 86 71 56 28 98 98 
87 24 17 22 44 60 58 29 2 52 20 64 94 64 53 68 3 80 52 6 94 47 4 69 30 53 80 49 70 69 49 9 17 68 98 11 87 9 36 90 38 34 97 7 63 9 97 81 90 90 85 35 79 19 88 47 73 58 100 85 29 28 84 35 28 29 68 34 42 63 22 79 97 4 65 100 54 100 59 42 49 2 11 90 3 99 75 83 82 74 76 52 7 1 3 12 36 87 5 86 
78 43 17 42 48 47 68 38 52 75 2 29 16 17 85 58 16 1 12 70 49 34 92 92 56 92 86 77 84 16 31 9 22 28 10 41 88 34 66 98 68 67 79 31 62 17 16 76 98 100 21 6 85 60 83 21 31 65 98 82 97 16 33 19 39 21 35 54 46 40 75 12 90 12 22 58 48 82 92 7 30 42 11 27 93 73 23 89 42 4 80 16 40 99 10 80 78 12 42 78 
37 61 91 19 65 65 39 4 61 58 30 58 44 43 92 42 39 98 41 20 59 100 67 16 5 25 90 91 61 14 11 89 29 86 80 100 91 82 100 50 73 48 23 1 33 76 9 8 76 6 93 93 72 1 64 40 61 42 21 57 84 78 42 32 29 61 4 78 61 56 46 91 70 67 44 28 13 58 88 34 81 96 26 34 98 39 64 34 43 71 62 36 3 26 96 9 88 16 10 3 
60 15 79 69 91 48 100 11 63 82 52 17 58 21 91 52 29 91 66 88 17 21 100 30 30 56 6 75 74 6 18 93 15 67 4 72 64 52 36 52 15 86 99 66 26 16 77 99 21 71 56 45 76 69 13 56 3 13 21 28 15 23 9 46 26 24 86 65 72 48 36 61 52 96 56 31 30 57 16 90 80 24 75 71 27 81 58 6 75 48 58 51 9 13 44 68 27 9 20 77 
64 97 97 87 57 57 65 82 16 89 28 82 21 84 60 71 8 62 21 20 37 15 34 68 5 35 56 91 88 39 85 27 14 32 80 75 31 45 11 15 81 23 7 13 92 5 19 32 6 60 42 44 37 34 38 35 62 43 38 75 18 86 2 47 21 18 72 85 76 15 20 81 17 72 5 13 52 35 42 68 72 47 14 3 69 88 98 13 24 36 57 70 33 60 97 66 87 33 100 54 
86 58 8 62 18 36 69 94 100 28 39 90 26 45 24 53 70 99 26 52 36 33 67 50 48 25 63 58 3 19 78 97 77 2 46 90 15 3 34 55 40 28 78 51 30 34 40 74 81 60 11 14 25 38 71 58 40 57 33 66 5 54 69 33 36 75 75 56 59 64 36 36 75 91 48 53 30 90 62 16 86 40 7 47 15 44 86 25 44 14 36 39 95 2 8 82 15 79 14 57 
9 98 1 59 67 82 87 44 94 98 96 37 97 18 82 8 59 33 90 95 58 92 18 85 54 4 91 73 32 40 29 98 70 60 41 48 48 15 57 11 88 84 20 83 94 81 68 26 47 49 9 69 37 37 50 28 17 67 70 62 88 49 81 4 97 77 86 24 64 89 65 42 39 75 20 25 17 54 87 71 52 80 37 69 9 82 82 34 8 46 61 12 48 86 73 69 84 25 24 76 
82 12 58 69 33 8 74 87 68 4 14 83 44 53 59 88 95 78 15 83 3 16 37 20 68 89 2 91 4 57 98 37 42 29 24 5 44 61 79 55 65 44 10 79 57 99 65 91 89 15 92 74 10 14 82 62 1 15 70 80 58 66 43 40 90 9 40 92 73 20 76 58 24 76 94 14 7 97 67 12 49 70 28 17 95 47 96 59 21 40 23 43 1 14 85 100 57 47 37 16 
36 80 42 32 18 72 44 32 75 64 96 55 70 59 86 6 10 5 24 63 19 40 37 92 48 48 12 56 63 11 97 3 48 38 11 12 79 33 46 98 94 69 55 40 74 92 59 7 29 24 33 68 87 52 7 37 41 75 13 67 29 56 16 7 69 40 66 13 73 94 42 1 66 48 26 27 72 19 24 62 96 28 42 91 10 67 3 73 97 47 35 26 72 38 42 12 82 56 70 26 
48 80 33 1 15 39 58 19 28 33 36 90 80 99 67 48 26 15 41 60 51 61 70 28 20 58 66 14 77 77 84 32 63 76 18 59 37 92 28 64 26 17 37 26 60 53 15 76 11 5 27 92 90 89 62 91 98 11 68 50 56 15 53 18 6 29 32 82 96 90 76 24 35 31 21 3 71 57 58 23 16 1 44 33 88 94 22 82 27 97 24 71 1 75 87 34 37 55 34 64 
6 20 22 27 38 11 56 64 47 77 72 76 42 17 86 22 95 24 98 88 84 14 33 55 2 32 6 89 11 3 5 6 60 65 34 68 73 68 82 7 68 74 14 38 5 15 57 60 85 57 45 100 86 37 83 5 61 66 9 69 92 9 31 30 47 26 64 19 95 68 27 45 81 97 42 65 63 7 26 94 37 13 22 61 9 27 67 26 90 12 99 80 15 7 67 33 40 22 97 64 
60 88 45 11 28 60 3 79 3 66 18 62 4 45 6 43 6 98 26 92 86 51 29 99 51 17 14 95 6 47 16 21 20 72 4 85 25 3 88 62 31 70 23 23 31 68 60 60 60 21 34 37 48 42 12 70 74 8 30 96 35 77 31 49 47 12 36 17 33 52 30 81 76 60 93 80 81 4 4 59 73 9 40 49 5 28 41 2 79 64 17 38 27 93 13 6 10 51 5 62 
83 48 39 20 42 32 64 20 64 33 64 7 41 33 93 100 22 96 25 37 39 62 24 57 100 42 27 48 2 1 47 38 62 39 93 33 75 39 14 3 19 58 7 99 84 21 54 96 53 94 33 52 33 15 5 68 39 3 26 43 37 88 78 69 82 20 34 85 98 69 50 56 35 89 79 15 6 90 45 46 73 54 91 15 61 57 77 48 88 12 46 11 16 70 28 45 60 79 32 64 
50 48 57 43 35 19 28 17 2 71 86 40 81 71 48 14 76 62 18 45 72 43 12 74 73 81 18 60 80 97 7 16 8 54 5 82 82 24 7 4 81 32 90 45 51 64 33 25 87 81 44 79 38 21 35 71 18 37 79 71 66 78 36 46 97 100 38 31 59 53 50 69 13 35 38 1 44 45 87 13 79 40 54 98 45 33 69 64 100 77 24 73 91 83 39 56 64 1 4 24 
90 24 90 3 63 73 38 54 52 48 23 20 47 54 61 61 84 4 34 15 54 68 62 60 63 25 63 87 7 24 71 57 55 52 39 39 39 19 67 23 7 90 17 3 98 18 42 59 29 97 38 66 13 46 84 99 96 3 49 68 45 92 36 60 21 15 98 61 88 65 43 76 32 77 86 37 39 95 29 45 44 75 24 53 31 65 36 15 83 86 1 27 4 94 71 45 29 76 46 8 
60 72 11 48 28 29 77 68 66 8 7 8 48 26 77 23 50 31 96 90 49 12 26 17 17 47 38 94 46 80 3 39 57 54 42 97 47 33 93 23 73 13 24 6 98 79 25 13 23 30 72 12 12 1 96 40 49 19 22 63 18 45 57 95 16 79 18 18 71 74 49 8 11 39 13 32 12 53 67 99 75 21 14 33 57 29 86 48 15 56 79 96 95 86 47 75 76 68 26 5 
76 62 81 44 28 48 10 34 40 49 11 94 91 48 86 93 30 65 7 78 92 33 19 28 69 35 92 61 36 48 98 40 7 5 12 33 97 10 77 3 49 42 50 69 8 46 27 53 52 2 53 14 67 25 64 12 4 45 35 43 61 96 65 32 54 38 29 90 14 99 10 94 75 64 1 72 18 43 42 76 17 58 44 57 12 16 71 29 30 5 59 38 66 41 65 28 6 60 13 36 
97 88 63 75 36 94 50 55 90 39 45 5 14 62 39 2 44 74 83 3 51 7 74 49 9 38 73 9 64 63 21 57 60 60 64 82 56 32 82 45 3 86 71 25 42 9 40 81 78 71 97 56 16 36 37 71 70 98 3 30 83 12 2 89 28 79 19 98 62 32 45 3 17 40 96 46 97 51 80 82 38 8 88 46 90 8 47 4 51 42 45 58 40 94 47 36 96 12 68 86 
48 51 96 49 45 14 88 47 9 50 12 50 10 42 87 60 43 74 62 34 71 81 12 54 86 64 25 7 44 6 88 71 57 65 30 35 41 85 28 24 4 43 18 87 94 78 61 79 87 10 71 96 5 57 56 82 39 90 7 99 13 92 13 93 92 34 62 97 9 53 100 42 51 17 43 9 12 25 62 47 26 41 59 94 34 49 19 22 70 80 88 20 12 84 54 10 22 15 83 48 
53 80 6 29 88 2 82 37 46 80 78 83 16 43 6 61 42 57 62 48 49 98 39 57 2 38 12 30 18 51 68 27 99 31 22 53 98 99 94 7 30 35 55 70 58 61 80 18 79 61 57 37 81 56 33 77 80 49 45 19 62 55 84 81 42 44 8 32 51 78 25 83 55 32 88 85 70 33 69 28 80 7 34 40 28 93 89 29 80 79 50 74 31 81 89 95 24 76 22 99 
29 64 9 86 100 56 27 97 56 70 74 14 54 2 4 29 69 30 33 11 100 64 32 5 33 48 69 9 58 32 77 1 49 1 18 11 75 27 94 12 70 50 64 87 99 86 93 95 65 61 62 61 43 46 27 98 40 77 39 2 23 97 79 86 24 61 85 43 49 94 88 99 16 83 30 8 20 75 79 77 33 76 94 3 3 28 13 89 58 5 28 28 99 94 10 38 1 84 87 44 
29 43 79 51 29 79 75 9 8 39 66 3 6 8 88 51 60 32 61 9 81 54 21 8 25 92 29 81 2 91 28 69 82 82 93 16 65 8 56 99 14 29 30 9 64 86 24 66 33 80 39 40 92 89 4 91 22 30 62 21 64 58 92 43 69 51 62 63 63 88 19 22 94 66 86 24 56 21 59 65 77 81 52 71 97 38 78 61 80 68 36 64 93 71 11 12 86 23 43 76 
7 20 91 91 66 8 72 72 18 38 10 26 69 11 57 31 43 92 76 90 2 87 64 15 72 84 74 34 66 77 37 23 77 9 86 33 74 38 90 12 53 78 76 12 74 81 30 27 11 91 98 87 23 25 37 70 66 77 56 58 25 61 76 35 6 73 99 74 79 62 57 69 60 52 74 48 90 26 81 57 72 51 81 82 82 31 94 18 5 67 42 25 31 91 42 7 38 61 61 72 
99 2 99 56 66 51 97 98 23 6 53 37 21 76 68 43 9 87 83 70 97 31 7 6 39 16 73 37 90 25 84 20 21 96 66 91 87 12 80 51 71 50 86 49 48 86 22 69 98 97 64 90 4 79 10 39 10 24 60 11 6 71 71 24 31 31 11 61 30 51 28 71 97 82 41 66 74 95 55 95 17 40 11 30 33 18 90 75 12 24 48 96 77 71 31 66 44 56 61 93 
11 78 2 18 10 54 3 67 90 4 88 10 38 28 12 100 76 60 78 86 10 37 10 5 88 12 58 56 16 84 95 48 9 32 16 13 53 52 1 58 17 84 40 70 29 19 35 91 25 25 23 52 54 60 99 69 12 81 11 71 24 98 49 65 63 99 50 81 65 93 100 81 52 96 56 3 85 50 63 69 16 44 93 11 94 73 55 87 87 10 84 91 43 46 6 99 12 94 32 21 
18 40 65 22 95 59 7 87 59 66 23 26 74 11 86 34 1 30 41 47 17 46 46 87 22 18 79 61 94 14 80 27 39 74 54 81 29 7 27 96 81 23 36 89 14 24 7 4 45 58 100 79 17 15 24 63 25 2 36 28 8 20 38 50 82 36 55 83 20 56 90 72 79 1 69 75 17 88 45 56 10 55 5 30 18 33 31 32 70 46 66 53 55 82 6 42 36 98 81 82 
12 78 42 56 19 39 71 81 70 65 48 88 69 43 64 85 17 7 57 7 48 98 68 93 74 47 72 46 20 39 90 19 21 62 56 56 33 61 58 32 2 16 22 81 18 57 31 20 75 50 13 60 43 28 73 84 69 45 50 30 28 73 24 35 1 6 100 21 46 6 31 88 19 53 17 61 64 79 59 87 91 19 16 49 9 69 15 3 36 13 82 7 33 4 43 90 14 97 65 15 
78 35 56 99 38 41 34 82 23 10 34 54 44 89 55 52 18 5 34 36 56 99 25 34 67 21 3 51 70 65 3 47 75 17 7 17 78 89 42 81 83 89 86 32 32 34 85 57 75 30 34 23 92 94 19 49 7 88 12 97 76 5 44 18 98 52 84 78 38 34 26 44 83 73 34 79 22 3 100 68 45 68 77 18 72 97 24 34 92 21 15 45 77 32 13 67 14 61 6 68 
46 95 76 25 42 93 45 10 98 84 52 12 52 15 41 83 63 45 93 84 78 49 92 23 43 38 20 18 76 28 82 26 50 37 27 5 46 17 44 60 82 95 23 5 52 31 76 51 74 31 53 36 21 86 93 61 94 9 65 100 26 38 91 37 57 53 91 41 53 50 23 28 34 40 13 43 3 87 76 54 51 53 38 18 19 94 88 37 15 72 48 81 36 9 43 93 27 69 24 63 
62 73 61 86 85 55 98 8 56 20 59 17 73 12 1 75 92 94 73 81 29 10 37 94 37 98 71 98 64 23 88 90 56 73 24 84 81 20 77 46 97 22 54 24 34 17 53 100 31 40 76 24 91 11 100 64 12 4 22 68 41 35 68 21 71 85 61 27 46 5 23 33 5 34 8 12 75 67 89 60 16 89 35 97 84 47 84 98 82 20 38 78 64 88 23 20 52 26 14 43 
81 99 85 45 68 50 95 65 98 74 47 55 67 60 52 33 80 57 43 77 77 64 14 88 16 49 59 64 42 100 71 65 56 83 2 58 78 11 74 26 73 69 87 40 45 85 72 42 68 46 73 25 25 8 71 20 61 19 39 76 17 97 19 77 31 59 81 90 58 52 39 21 81 15 15 8 1 49 15 73 92 65 6 27 34 49 63 44 67 50 99 48 91 60 38 97 66 41 53 94 
35 26 90 71 11 48 18 77 13 47 79 52 42 44 68 14 14 61 56 93 12 6 100 76 32 43 53 99 94 79 76 56 80 35 5 8 32 65 74 92 70 26 54 75 2 92 75 69 84 32 65 41 85 21 49 28 84 65 90 16 97 92 65 39 10 99 88 1 19 8 15 56 37 61 57 66 82 58 43 59 70 48 25 35 63 8 56 64 86 92 39 77 71 83 13 74 2 32 56 91 
90 72 37 55 35 66 71 79 1 9 70 13 91 40 71 49 7 52 71 14 4 24 61 35 47 87 33 20 88 44 40 79 70 80 7 16 31 30 76 14 89 99 64 30 30 79 6 66 32 47 68 74 60 55 6 36 64 21 16 25 40 99 57 44 62 100 24 28 73 23 100 66 48 58 48 33 66 93 17 97 33 3 49 89 38 10 98 11 67 12 58 98 25 42 91 1 66 26 30 21 
67 82 71 52 48 2 53 97 3 94 14 75 63 21 19 79 40 98 29 47 96 75 12 86 14 1 22 42 68 15 100 6 87 68 67 28 16 27 19 74 64 35 61 63 12 21 58 100 3 81 85 32 34 30 68 79 27 67 60 82 70 86 78 34 68 40 78 45 47 95 5 64 32 96 2 91 70 54 86 46 36 43 67 69 65 33 19 66 2 15 14 46 85 95 91 81 78 97 23 65 
99 98 70 74 11 27 9 51 37 5 81 81 79 19 27 63 56 48 16 61 3 49 41 98 48 54 28 44 59 16 88 36 92 3 35 70 94 71 88 52 15 38 62 54 74 3 20 60 46 76 85 3 29 23 58 100 37 69 94 94 5 18 16 28 88 43 35 68 62 72 86 97 77 8 30 98 89 72 28 42 71 30 27 37 59 27 59 50 56 17 50 12 44 3 47 6 80 83 86 3 
100 49 42 31 31 18 4 30 66 50 44 61 38 34 79 87 51 64 67 10 35 38 18 73 2 75 88 91 34 57 34 23 38 92 74 23 59 99 10 80 1 14 87 85 38 50 15 52 49 85 53 65 48 95 51 8 21 39 94 1 33 81 86 71 55 58 1 96 18 40 25 85 44 33 20 16 54 42 75 33 49 66 46 13 36 85 73 52 71 78 94 100 30 43 50 29 59 100 9 6 
76 37 2 50 30 9 21 91 93 83 28 58 15 18 44 2 14 94 27 52 50 45 74 62 20 99 11 38 47 68 26 51 35 21 88 52 17 7 71 48 11 6 23 55 53 29 27 24 44 56 71 13 44 67 23 76 25 13 5 11 73 91 66 79 83 62 18 34 46 60 10 28 56 35 82 63 35 62 97 57 69 83 56 95 22 49 32 23 73 30 49 72 95 32 73 28 88 6 34 4 
41 56 59 41 71 24 80 77 86 42 10 56 4 73 55 51 9 46 62 55 47 5 68 74 59 14 56 34 8 12 68 41 58 83 78 28 97 81 18 63 38 78 86 76 34 57 67 64 77 60 52 42 21 76 88 38 69 86 83 68 43 92 67 94 93 11 88 76 33 35 3 21 62 17 92 75 65 95 27 67 86 33 86 55 94 29 92 9 21 67 32 43 35 25 99 60 76 37 34 64 
43 63 99 57 18 3 90 6 91 77 9 82 11 65 7 43 58 49 94 31 41 78 14 98 42 13 7 11 4 48 10 33 49 90 39 90 80 68 93 49 10 100 82 7 55 11 42 44 27 91 98 92 47 19 88 82 71 32 66 54 91 10 75 60 41 65 71 48 24 84 44 16 24 62 14 74 63 30 97 40 12 85 7 58 42 74 67 57 48 29 78 100 84 37 23 30 4 52 11 35 
33 72 57 99 100 25 44 75 48 38 59 34 61 78 89 99 20 46 82 23 64 49 19 68 87 40 99 30 81 54 6 82 70 52 22 10 31 78 34 86 79 55 98 40 84 25 17 35 16 30 54 54 81 1 10 73 90 89 44 76 39 57 36 32 78 41 11 91 10 81 8 58 7 3 24 41 63 72 17 81 37 56 56 37 54 83 1 23 49 72 9 89 8 44 59 81 85 51 22 72 
18 44 95 44 65 21 13 53 70 71 32 89 40 89 94 76 86 64 66 42 41 62 27 95 82 12 23 85 81 51 95 76 99 53 41 75 81 93 22 28 31 70 88 98 89 78 21 82 75 16 37 38 51 2 31 59 61 48 86 89 74 38 98 89 55 19 46 30 87 75 11 51 17 25 2 71 79 13 84 11 15 57 13 80 76 12 9 66 37 48 87 94 42 52 39 17 25 59 2 9 
86 82 81 69 48 14 85 89 41 16 73 28 50 6 78 91 19 21 22 62 68 13 60 72 74 48 2 12 5 71 74 90 90 23 66 23 77 73 21 60 43 89 66 34 66 21 84 89 78 35 39 97 37 39 60 95 25 37 72 59 66 69 42 73 28 31 75 72 20 26 55 59 12 89 84 98 8 37 94 23 47 87 23 73 16 5 52 61 2 28 65 84 46 60 95 89 20 34 80 87 
31 59 85 63 48 74 3 87 27 70 88 23 93 45 27 71 91 92 65 40 96 52 75 17 3 79 40 27 44 64 71 53 81 39 53 4 25 28 39 16 4 78 60 60 10 44 40 79 85 76 74 19 97 41 6 74 45 72 66 84 29 44 57 55 83 69 80 9 76 71 54 60 11 34 57 6 4 83 3 22 42 90 93 10 31 87 40 34 4 37 59 25 68 82 90 87 97 33 36 8 
63 41 13 17 41 23 33 25 23 95 21 82 39 35 93 84 86 62 50 57 4 98 34 30 46 55 52 54 76 56 39 25 67 52 78 21 76 21 73 79 88 88 82 33 12 86 2 93 43 85 48 39 96 37 28 5 53 38 22 88 24 67 81 5 57 12 99 38 44 95 28 90 50 11 12 53 81 46 95 43 69 32 1 20 95 74 36 12 61 26 8 89 79 61 11 49 8 38 75 58 
33 91 83 100 60 58 59 43 77 90 31 92 62 91 73 65 51 50 47 2 100 3 44 71 16 58 94 83 68 99 15 85 95 13 76 11 47 48 46 91 70 49 13 65 76 13 92 52 8 58 65 46 36 73 29 49 47 14 83 52 4 47 37 76 53 12 87 37 34 74 51 60 38 96 100 89 49 48 61 99 57 18 47 14 81 32 33 82 78 33 40 84 60 1 45 90 48 18 84 74 
31 48 64 42 35 8 98 59 42 63 75 25 43 5 75 32 1 84 57 20 99 75 62 91 88 57 40 72 61 35 100 54 73 7 53 84 54 50 52 40 73 11 29 60 93 78 23 18 48 40 80 35 8 83 49 67 41 18 85 99 56 41 95 73 26 50 81 75 62 6 11 16 74 18 61 43 27 91 21 82 36 58 84 46 94 7 65 18 67 38 13 29 54 70 4 60 94 48 10 9 
12 39 28 8 7 44 64 68 69 89 81 57 4 95 9 11 13 58 53 58 77 99 20 49 48 86 17 51 11 33 56 52 97 37 15 89 62 75 3 68 29 56 46 5 49 17 82 39 52 77 22 70 71 20 66 33 60 30 95 81 63 5 84 95 37 97 41 7 14 29 17 94 66 51 83 76 22 90 95 54 67 94 67 28 25 55 33 69 12 11 47 75 77 27 81 72 90 22 67 66 
39 98 56 80 12 74 25 27 40 32 89 39 32 19 23 62 34 68 12 13 69 31 46 42 39 81 73 70 86 20 65 11 34 20 44 70 62 95 26 18 73 56 34 77 9 37 11 66 42 19 26 56 15 40 30 21 8 49 59 92 48 61 8 17 65 95 3 57 69 16 30 13 48 68 64 62 95 7 68 30 89 63 71 21 78 96 44 82 23 43 26 52 55 72 51 87 50 64 72 35 
39 72 2 23 61 23 50 81 55 10 46 100 33 26 75 88 27 58 23 79 64 92 63 96 91 40 41 11 1 84 19 97 25 3 55 41 3 42 63 29 42 38 71 99 35 9 86 20 68 20 23 92 98 25 4 71 24 81 10 41 34 6 14 7 26 14 92 16 1 92 5 26 64 22 64 7 8 9 77 31 23 25 37 67 52 48 7 72 57 34 84 33 65 50 51 8 98 38 92 29 
8 27 50 50 96 72 59 52 72 22 49 55 58 60 4 69 76 76 81 44 32 78 11 17 51 51 49 70 27 96 10 22 65 17 39 69 4 11 18 87 43 77 31 11 98 76 70 59 23 93 51 71 26 76 25 53 98 84 26 43 85 49 15 21 60 1 93 80 25 3 30 20 85 14 33 1 39 96 90 44 71 23 70 35 83 33 38 12 81 85 13 87 86 9 51 21 25 56 24 16 
13 63 22 37 33 50 1 100 41 62 64 45 44 36 53 63 38 95 6 17 69 92 5 78 29 84 51 9 63 2 85 48 62 95 50 35 96 95 55 50 22 23 22 29 92 19 31 99 98 26 34 35 44 20 95 76 91 19 85 87 27 100 95 5 83 90 55 50 38 53 10 69 77 47 42 91 5 35 10 7 79 78 80 31 51 93 16 100 28 33 59 35 34 50 1 40 35 71 98 96 
75 23 91 33 25 98 92 32 81 51 58 12 82 69 28 97 84 56 65 77 61 49 88 73 69 78 16 25 76 22 84 26 76 98 80 67 5 73 22 35 97 35 72 5 99 73 5 64 6 4 24 66 17 82 35 81 94 14 13 33 43 1 19 42 84 26 90 52 13 92 70 71 13 81 24 77 85 32 19 2 36 32 20 97 15 26 50 79 82 24 8 44 42 44 33 89 77 31 10 24 
14 87 18 21 74 51 28 10 49 7 99 60 11 41 97 35 2 40 72 88 46 24 89 95 91 2 69 40 78 12 81 33 95 44 7 11 23 4 57 96 66 86 93 97 91 14 44 34 43 14 70 40 5 91 62 20 22 61 27 11 14 95 66 46 23 94 37 11 6 3 9 3 51 54 19 54 6 90 87 32 52 73 81 82 62 90 54 34 63 91 78 24 68 2 13 2 81 63 99 44 
52 84 100 19 34 72 32 18 24 65 87 34 65 81 13 100 50 39 79 93 71 33 48 67 97 55 91 1 22 74 44 88 49 48 66 65 42 70 91 74 100 78 62 72 58 26 52 19 49 72 62 37 54 29 5 76 100 22 59 74 65 85 51 34 34 46 33 87 38 64 50 83 5 77 80 63 13 76 89 95 100 69 71 36 92 52 6 64 21 52 15 92 56 53 74 93 11 31 81 90 
58 6 42 1 13 95 92 73 6 78 83 82 55 13 49 1 90 1 76 81 27 41 93 51 8 14 40 19 64 15 87 89 64 99 51 23 43 86 75 29 78 59 30 86 3 19 45 29 18 74 54 19 16 32 39 50 47 36 11 92 49 16 14 99 54 6 96 32 43 48 67 94 55 32 90 41 12 54 60 32 80 20 93 47 18 73 4 81 83 70 95 46 2 58 74 28 83 18 1 54 
60 83 48 80 94 68 82 74 55 19 90 96 41 49 49 31 51 20 69 3 9 86 36 1 69 100 18 47 26 37 76 94 16 11 83 8 15 35 65 85 5 37 14 90 35 24 4 89 43 79 19 57 61 13 64 55 83 83 58 54 19 57 95 86 34 24 76 12 90 38 97 63 47 3 95 29 72 31 84 11 32 14 84 18 86 46 77 20 66 32 44 62 14 36 98 40 11 11 13 31 
22 9 86 30 17 57 80 61 24 43 58 93 10 74 64 95 34 94 79 21 44 44 71 26 97 76 38 6 50 2 17 72 98 69 47 98 19 91 6 5 34 9 100 73 92 82 67 24 40 79 87 40 80 94 89 24 86 99 31 61 8 45 84 7 1 7 85 62 60 69 64 88 52 45 49 52 52 37 76 63 49 99 49 53 61 5 74 45 43 31 31 31 36 61 46 23 27 38 69 15 
38 57 12 34 52 77 97 33 85 66 88 77 88 54 49 43 57 88 31 8 30 31 12 99 45 20 100 46 14 26 38 15 22 16 99 21 21 21 83 35 36 57 58 78 64 28 67 48 100 56 30 78 71 25 72 59 95 70 25 61 34 26 18 39 54 72 74 39 26 87 23 44 22 44 19 23 79 50 82 50 85 40 47 53 65 79 80 1 4 14 27 11 47 91 1 45 32 86 80 12 
57 36 65 18 14 29 100 64 50 67 73 87 66 74 81 18 43 27 73 88 17 37 8 64 27 14 67 84 80 85 52 89 74 85 21 62 15 61 53 39 40 90 36 92 53 47 25 54 4 34 74 17 73 13 6 20 58 37 60 71 98 93 67 50 80 71 63 99 12 76 57 68 19 89 84 47 61 4 40 33 26 95 50 95 23 50 57 33 44 85 82 14 46 93 45 59 23 86 8 40 
13 99 48 70 81 48 89 11 92 69 9 63 4 94 76 21 34 31 33 40 15 9 6 77 8 64 56 99 34 58 100 94 89 26 7 22 96 62 64 22 62 91 47 98 23 35 18 25 5 97 63 88 8 35 28 11 42 82 54 96 30 77 23 46 57 61 9 51 70 76 23 21 81 97 92 18 68 70 77 83 52 65 91 18 97 93 57 67 58 69 93 73 99 31 54 47 33 23 96 25 
11 79 99 36 63 56 56 37 44 28 45 42 42 18 21 92 4 58 12 38 60 11 84 2 54 87 22 65 82 19 60 1 74 19 97 22 80 37 80 53 59 75 69 58 69 12 71 64 93 95 16 85 74 44 22 69 22 40 95 69 7 3 39 7 50 52 4 20 93 10 69 86 90 99 39 63 57 69 40 99 96 47 53 43 39 19 73 47 12 87 7 62 44 53 82 19 81 57 74 18 
12 53 41 93 59 31 46 54 90 51 97 6 28 68 7 74 32 59 20 69 87 67 31 74 81 5 92 53 91 5 37 31 79 46 28 36 82 94 92 52 60 21 16 18 99 35 96 33 19 2 79 41 41 46 1 61 5 77 60 43 40 51 10 10 91 85 95 39 1 21 23 29 99 54 33 95 40 86 80 69 35 76 48 66 83 36 74 19 5 94 31 63 7 25 39 37 58 22 77 6 
95 88 39 66 29 64 28 51 86 30 23 30 19 56 76 73 13 56 20 47 78 67 3 61 37 18 55 47 65 80 61 45 79 69 99 40 96 23 1 69 87 57 35 20 71 1 48 17 19 70 69 21 82 41 2 15 72 67 63 74 57 67 83 90 54 4 43 35 41 39 58 94 80 44 18 2 84 65 7 69 93 62 85 16 77 34 18 2 34 23 88 63 62 79 16 60 4 98 95 39 
80 48 85 67 26 44 82 67 15 20 81 38 95 63 93 13 31 75 4 87 84 43 69 71 8 34 28 79 55 26 76 53 94 71 49 10 19 93 85 35 71 48 78 9 51 10 38 95 40 15 12 15 54 85 57 68 68 57 18 90 52 60 42 9 8 35 38 10 78 64 38 12 17 33 49 34 14 26 6 63 90 85 38 84 3 82 54 50 25 38 63 6 59 93 17 76 45 85 38 85 
53 93 6 99 15 13 57 26 96 72 19 60 86 81 42 79 87 61 25 11 28 48 8 49 33 41 88 11 63 43 26 42 75 81 68 87 2 51 14 67 30 5 53 97 81 36 89 23 46 70 4 35 10 85 15 79 60 17 15 4 10 38 89 78 52 62 10 38 49 60 63 14 49 63 63 18 12 53 88 21 70 70 48 48 89 20 50 55 44 36 6 67 37 66 84 72 1 90 5 85 
80 90 52 92 22 51 84 72 13 68 89 90 79 62 79 59 72 11 89 42 39 74 64 76 72 9 77 28 22 86 4 78 10 61 82 14 62 82 65 49 28 32 21 39 7 11 29 58 55 80 37 80 81 76 58 70 10 76 41 56 63 1 3 91 36 76 79 22 20 90 3 76 87 70 15 22 30 99 12 5 74 47 24 58 81 56 16 20 94 11 52 6 26 28 28 66 63 26 68 69 
76 76 73 71 31 89 76 95 31 77 16 4 19 100 1 56 79 23 89 2 58 88 33 84 64 35 17 97 40 9 28 12 43 43 35 57 73 20 51 92 67 82 47 80 62 17 15 12 68 39 38 27 32 34 99 80 85 75 60 31 29 59 94 97 76 19 83 1 89 87 18 31 7 62 3 92 21 13 79 53 72 53 87 16 34 14 39 42 42 59 97 17 32 13 70 39 92 1 11 68 
68 86 79 54 86 94 82 67 90 92 34 52 59 28 95 8 55 6 28 31 53 78 98 26 56 50 90 73 76 77 93 19 37 46 10 96 32 22 38 93 60 5 18 36 65 96 69 7 95 97 75 45 36 3 9 71 97 92 7 64 49 15 84 60 14 19 44 10 40 69 83 37 13 62 41 58 35 46 26 43 50 61 83 98 47 86 93 32 89 41 100 100 13 40 34 1 12 66 39 46 
95 92 31 13 42 20 15 87 82 8 64 72 77 22 100 25 58 93 11 79 6 83 1 14 30 84 76 94 50 67 59 17 81 24 20 14 43 18 34 28 61 58 18 9 65 40 36 92 83 97 42 34 51 88 8 39 4 5 42 31 2 90 73 16 98 49 30 23 49 57 65 71 43 45 98 51 47 66 91 70 37 72 13 20 39 57 38 98 13 37 44 5 93 67 13 63 28 89 41 64 
52 38 1 53 56 81 100 17 45 69 81 65 83 51 60 5 19 46 65 42 59 43 53 10 71 25 36 33 33 24 37 67 36 84 55 68 55 63 73 43 72 12 27 61 15 43 31 38 28 37 15 70 55 72 11 4 94 19 96 12 100 43 69 23 34 61 99 23 98 69 8 53 47 31 100 25 46 100 36 99 9 13 7 81 95 49 97 15 43 18 35 84 94 2 60 24 29 84 30 70 
75 31 79 79 55 59 70 61 71 83 99 87 81 56 94 25 12 46 59 56 11 4 46 91 28 65 98 78 34 14 63 98 99 14 30 51 65 18 6 36 42 39 94 43 78 23 99 85 95 30 40 22 85 67 87 83 100 29 71 27 5 37 67 75 43 58 75 10 73 85 82 61 77 43 73 88 3 53 75 51 70 35 58 30 69 32 41 86 1 71 19 12 60 8 72 59 87 3 38 58 
56 24 8 11 62 13 49 64 72 73 95 50 94 92 27 61 51 41 35 84 28 11 57 37 62 100 7 16 48 57 51 55 74 45 61 7 6 75 20 75 10 68 48 39 38 46 35 71 86 21 54 72 89 16 93 33 36 95 72 67 40 61 100 65 100 84 46 34 58 7 93 26 81 89 67 72 12 94 24 59 2 57 27 4 81 41 14 17 95 68 85 31 80 45 60 27 71 50 3 51 
55 70 70 73 22 45 11 35 93 9 30 37 25 83 73 57 33 30 100 4 36 16 44 74 20 41 93 55 73 85 28 99 64 77 77 17 39 57 92 50 52 85 54 23 29 58 75 63 13 66 79 48 84 25 19 20 26 84 21 4 19 40 100 100 5 23 33 33 82 94 96 86 77 49 6 16 6 67 69 49 84 41 85 64 15 49 74 79 29 83 38 18 65 93 5 40 52 81 75 84 
61 56 89 50 99 23 74 81 94 52 73 81 45 59 42 24 49 13 3 74 49 64 69 74 26 56 94 37 44 95 27 42 75 53 50 53 80 100 81 31 92 50 96 56 49 41 85 48 94 2 75 62 56 72 73 13 83 43 85 91 74 53 61 49 86 68 45 31 90 49 73 60 49 30 88 93 31 12 36 56 81 10 65 65 27 14 64 88 20 38 11 14 11 24 70 97 50 77 6 69 
84 30 94 80 8 84 76 21 68 62 80 7 22 71 72 47 11 84 98 83 69 17 7 50 36 87 35 51 7 45 45 11 17 31 19 80 89 7 56 66 60 73 37 98 44 62 6 45 53 76 62 63 87 73 9 12 58 26 41 32 47 8 94 94 59 63 14 89 28 80 12 30 100 71 18 44 80 30 23 22 74 49 78 11 79 84 15 15 91 31 52 35 94 5 35 23 95 77 81 23 
51 77 4 38 98 100 7 88 60 73 22 36 78 93 11 89 98 47 40 93 26 56 29 95 33 44 1 25 36 6 5 72 73 80 7 64 22 99 35 73 63 53 83 18 22 20 41 14 65 41 72 65 63 22 1 87 97 39 49 16 67 11 27 23 21 58 64 17 32 33 82 95 80 92 62 67 40 19 38 75 35 56 78 3 40 69 44 62 37 19 100 52 90 59 62 32 34 84 36 71 
23 21 69 19 86 42 10 51 79 32 37 27 50 99 72 44 8 92 51 28 13 15 80 88 47 59 96 65 96 86 82 53 39 78 77 80 47 52 17 78 72 29 75 77 13 73 41 88 1 50 14 71 62 21 72 23 42 11 94 40 1 96 77 45 53 51 52 59 87 15 68 49 59 36 77 41 19 58 90 22 85 90 15 66 14 46 72 12 79 70 83 93 24 64 6 17 78 24 88 82 
94 22 24 80 89 35 81 71 86 72 32 39 6 72 44 54 44 59 50 87 92 95 48 23 94 48 20 32 92 90 89 52 11 63 1 17 83 86 33 38 99 74 24 91 36 82 16 65 13 52 9 37 78 12 2 95 96 87 47 15 3 100 1 53 4 19 62 77 5 22 74 43 78 48 78 88 68 95 59 12 4 61 96 68 67 45 100 41 12 18 95 51 42 35 19 18 20 41 44 38 
80 15 2 44 56 68 98 14 69 64 55 38 3 61 63 15 89 44 33 14 80 78 67 5 37 95 93 40 31 67 59 87 33 71 78 59 17 34 70 75 54 49 82 3 49 100 22 34 36 35 83 97 97 25 60 31 8 92 95 4 49 77 81 90 46 21 32 90 50 89 37 58 12 67 96 33 2 99 58 53 27 3 97 43 81 9 78 18 84 58 99 41 4 38 38 27 36 64 34 25 
48 3 89 60 50 6 86 79 79 15 23 70 32 37 100 100 22 87 73 54 53 3 69 9 67 23 96 7 8 17 27 61 92 95 20 53 37 80 52 65 24 8 91 80 100 5 82 18 17 17 55 11 35 44 62 54 22 13 79 24 53 63 25 60 52 11 22 80 49 57 41 14 40 28 6 17 76 67 98 82 36 32 17 42 17 15 53 63 52 14 100 51 18 66 20 51 53 63 8 69 
54 41 79 7 64 26 83 33 53 15 14 41 77 71 38 39 72 96 37 37 64 64 88 10 9 49 57 34 35 38 79 96 20 28 33 16 39 60 52 87 90 98 61 82 37 34 53 77 90 79 37 82 21 99 16 21 89 60 3 45 36 50 92 95 40 87 100 95 1 74 54 100 93 24 27 94 69 27 53 30 99 24 98 76 59 67 5 37 94 27 90 98 25 37 45 36 95 22 61 94 
12 56 22 63 98 34 55 21 68 28 88 7 59 2 77 51 90 9 64 87 29 53 91 87 28 45 34 85 87 4 46 29 60 1 93 25 37 82 26 80 45 68 16 46 45 24 60 90 23 27 65 63 25 30 31 43 80 88 7 26 33 79 92 29 74 80 87 16 53 73 1 83 62 74 25 25 86 89 21 14 43 76 25 36 29 63 12 25 11 50 47 1 13 96 84 45 84 71 22 90 
38 70 5 23 22 73 89 83 92 58 40 84 91 72 81 23 100 30 22 54 65 13 23 60 81 82 14 23 80 73 78 39 48 49 52 39 92 68 6 32 61 73 91 19 83 37 72 43 22 1 62 98 1 38 50 33 35 98 36 47 54 22 67 32 48 73 69 44 81 4 74 40 8 56 54 59 46 15 4 56 21 74 45 60 11 13 31 16 59 44 14 1 31 96 26 8 42 16 49 45 
39 31 88 75 13 91 2 21 4 43 88 53 78 98 78 16 19 7 44 84 1 29 95 82 98 38 88 70 33 64 84 52 2 30 78 5 93 91 76 21 24 83 67 97 66 66 72 26 86 89 81 6 26 39 9 73 6 7 13 50 26 97 18 95 51 43 73 43 23 9 54 86 83 41 63 69 52 71 64 18 70 6 54 20 57 69 99 11 65 60 81 75 61 10 75 4 97 13 61 73 
8 55 75 65 99 19 38 75 78 30 79 69 18 20 94 59 100 72 48 74 18 24 4 91 95 54 30 57 73 62 12 3 80 94 44 65 8 43 13 81 80 39 40 23 10 85 84 46 89 61 78 23 96 43 15 63 7 82 22 47 32 99 93 41 81 98 86 21 8 49 38 17 43 27 61 89 82 47 56 94 92 95 14 30 93 55 35 43 70 5 8 15 17 36 53 56 1 37 2 81 
85 41 25 31 4 79 29 57 20 65 35 97 45 78 61 87 21 94 59 51 27 32 6 66 63 31 80 62 7 94 54 60 37 65 78 35 65 22 9 31 72 48 58 91 68 36 89 93 20 51 22 36 22 9 28 15 14 14 17 71 9 2 7 47 24 84 4 8 44 93 91 60 39 16 47 75 24 62 95 73 93 33 60 22 76 31 33 56 51 20 57 89 68 15 76 74 39 89 94 22 
9 46 63 24 82 57 90 42 26 75 28 61 56 40 53 10 9 99 74 65 6 23 82 55 35 20 76 78 67 14 47 63 53 17 21 51 42 51 9 88 10 38 18 19 38 24 43 100 24 94 55 45 94 97 14 83 88 90 3 88 97 52 88 85 53 67 60 30 74 39 18 31 91 73 28 82 65 100 53 65 80 56 78 84 73 59 96 4 45 65 34 40 33 75 11 48 87 9 6 16 
94 35 38 6 21 55 45 7 2 74 22 60 79 9 81 9 11 99 19 90 9 85 92 23 18 57 64 38 39 98 39 63 30 23 6 95 3 28 82 70 96 70 53 37 56 35 28 67 84 48 82 24 37 86 11 17 13 25 81 37 17 66 71 16 49 45 90 97 61 67 5 67 26 65 43 58 88 84 35 5 92 27 88 17 11 91 80 74 94 56 39 91 29 30 26 86 83 11 9 38 
40 10 88 95 32 72 79 67 97 11 71 32 49 24 79 43 90 28 38 50 4 7 54 63 88 47 50 40 38 25 18 93 20 78 18 41 50 70 62 80 48 28 10 79 65 7 97 9 18 25 38 56 13 37 78 56 17 74 96 86 47 17 63 46 6 57 35 65 20 99 61 82 33 61 7 35 16 97 39 20 41 52 46 54 25 39 68 29 29 5 92 96 65 7 57 13 74 99 58 75 
7 64 66 61 42 36 14 73 43 75 93 3 50 94 83 55 1 28 71 26 42 87 33 78 12 61 45 7 2 72 22 78 89 6 65 74 36 4 57 38 17 91 51 47 57 82 34 89 29 92 52 3 57 84 46 20 23 22 25 43 76 27 45 66 6 71 7 73 44 27 43 89 64 88 30 8 34 20 27 85 8 32 12 68 23 59 32 77 45 46 100 42 70 14 87 95 17 67 85 21 
65 87 39 61 29 90 68 38 41 97 11 24 98 51 18 50 75 44 29 93 77 94 27 1 28 3 16 76 56 47 2 38 94 90 16 32 57 93 74 19 30 93 85 76 55 79 9 90 47 96 26 46 32 51 32 33 19 11 44 37 76 3 55 98 77 12 48 18 77 40 17 59 90 54 46 10 64 60 91 29 5 56 86 36 68 8 83 98 19 81 58 47 45 28 79 83 23 2 81 88 
4 20 61 88 61 85 97 42 67 62 63 10 47 83 11 64 27 36 56 18 2 16 26 87 41 88 42 37 76 41 42 42 7 91 41 3 70 43 21 2 23 33 20 16 6 85 3 47 56 7 24 31 40 92 83 42 23 15 40 52 72 86 4 33 74 17 79 8 51 87 39 70 100 70 25 43 28 17 56 9 76 35 20 88 90 36 68 4 40 78 51 46 63 44 69 65 60 79 62 40 
82 50 53 61 99 27 22 18 97 70 20 80 31 22 49 7 75 92 88 31 79 92 17 36 91 100 55 64 12 95 43 74 44 57 28 42 86 23 81 19 77 4 46 54 22 93 81 33 61 37 95 8 91 35 64 51 73 72 75 23 3 45 67 71 88 48 91 74 34 56 55 45 72 27 41 77 66 24 87 70 76 46 90 68 5 71 51 16 3 85 23 29 39 26 40 50 91 25 26 5 
88 23 91 9 70 7 8 74 29 62 79 41 3 59 68 96 23 50 1 81 29 8 69 58 77 99 76 28 31 5 54 68 80 76 72 55 30 45 4 98 14 80 64 59 66 84 6 6 49 10 42 100 67 58 66 80 4 50 71 53 9 13 16 22 75 63 84 16 84 48 16 73 16 89 15 50 87 22 29 61 12 37 41 64 91 66 56 61 29 13 28 51 87 33 70 92 34 37 68 26 
56 55 55 33 46 67 88 99 81 21 27 90 5 45 40 66 76 28 10 61 11 4 68 59 30 77 87 6 83 19 72 90 40 30 50 10 97 89 89 41 37 30 55 5 42 90 54 48 5 78 30 68 59 43 31 9 42 36 71 60 91 28 54 38 86 34 41 57 34 50 44 33 52 54 64 88 89 12 83 35 42 36 99 33 59 59 72 14 63 31 26 67 57 34 79 22 88 61 6 52 
40 6 90 1 64 35 69 21 86 60 81 62 71 88 55 43 5 26 71 56 6 17 2 51 33 38 20 43 61 67 9 51 6 55 73 5 58 89 21 9 83 59 64 15 69 4 26 28 59 89 82 14 46 95 23 84 20 84 76 96 84 29 94 64 27 52 73 58 6 88 38 5 64 49 90 83 12 78 68 89 95 29 98 64 38 44 69 20 64 55 1 25 3 77 11 49 67 35 100 71 
100 14 6 17 70 19 74 98 17 71 16 70 63 67 97 62 4 69 33 92 10 72 12 6 6 82 56 50 1 84 59 30 63 64 48 71 79 1 64 99 47 34 80 64 5 9 34 79 9 70 31 56 1 29 80 17 96 99 13 61 70 69 52 77 60 60 28 85 56 61 98 36 16 1 53 45 65 40 21 6 22 74 77 35 82 11 18 84 71 64 4 71 50 41 38 30 50 95 75 26 
66 3 31 57 86 37 66 62 87 89 65 46 72 37 91 1 31 39 46 34 29 14 61 62 6 34 13 96 94 90 52 13 69 82 15 28 82 11 76 91 63 92 7 49 16 99 8 30 74 95 71 72 62 81 28 82 75 51 61 84 29 35 48 30 14 22 91 11 34 57 63 26 70 76 71 26 37 56 13 13 71 46 88 21 16 47 56 34 19 1 34 42 70 38 13 21 37 35 92 15 
91 32 100 12 64 38 20 25 73 87 10 94 58 62 91 37 51 17 52 1 86 87 67 5 86 67 57 68 35 71 68 1 72 40 12 80 91 36 64 39 14 4 33 73 39 14 24 41 4 46 21 50 53 77 62 67 9 20 34 28 7 19 32 65 93 10 39 28 54 19 49 3 37 83 26 84 26 60 87 62 15 60 28 82 43 41 97 33 62 64 8 74 94 99 41 25 19 86 77 22 
3 26 88 93 99 5 80 44 42 88 59 89 68 24 71 71 4 97 9 97 79 96 90 5 26 50 97 67 23 63 21 80 14 17 50 24 60 3 12 50 98 49 59 23 45 96 86 52 72 58 97 95 34 92 77 28 70 5 9 38 91 82 93 89 28 34 7 54 86 46 35 47 79 86 25 1 40 90 91 29 55 18 12 18 43 11 44 95 11 38 86 19 86 41 52 99 61 66 79 78 
60 71 73 33 64 20 4 80 21 30 16 69 79 9 80 95 12 65 96 34 87 29 26 76 25 84 45 40 93 96 70 43 16 24 81 45 49 88 52 59 21 98 55 26 91 56 15 76 26 51 35 85 71 24 44 7 65 7 97 67 92 6 81 45 2 69 42 10 79 85 16 5 21 59 14 80 47 27 67 34 84 55 29 25 21 86 13 57 25 78 14 2 44 18 28 83 13 49 34 63 
45 14 50 1 51 67 78 70 42 9 75 79 5 15 23 80 66 58 31 59 53 8 21 3 69 41 86 11 80 62 15 56 95 96 54 44 45 20 51 30 39 77 12 36 27 1 11 96 33 38 72 92 16 45 5 76 80 94 31 77 9 64 17 33 94 70 97 54 70 76 68 31 95 49 49 23 26 42 33 95 3 78 3 61 70 57 88 44 44 33 54 78 83 1 80 50 70 48 13 87 
33 64 66 55 75 83 57 52 57 77 20 54 80 90 85 24 42 27 58 80 59 3 80 95 51 19 70 12 97 21 80 44 10 82 86 69 48 54 60 3 34 22 38 10 6 72 48 47 74 20 48 58 47 71 57 41 16 30 78 87 94 39 32 44 6 65 93 15 75 4 78 5 14 79 2 21 25 40 28 80 11 5 70 4 51 25 7 20 44 81 99 51 19 48 81 90 45 36 30 74 
81 43 20 16 72 78 27 59 4 19 39 43 80 83 58 6 38 66 28 55 96 73 39 91 36 84 38 5 64 32 30 61 76 93 50 64 16 90 68 24 93 72 76 35 15 15 59 92 32 22 41 40 92 53 24 17 58 30 22 87 64 35 32 43 79 62 19 15 3 38 81 24 31 27 88 60 79 91 51 36 38 10 19 9 24 38 97 52 92 75 59 47 89 48 40 16 23 54 33 94 
64 98 1 52 24 38 90 16 27 81 81 16 19 85 81 62 7 81 73 55 37 23 81 70 1 52 85 49 55 31 23 26 82 25 47 89 51 18 64 20 5 75 27 11 34 3 31 32 14 39 27 32 28 98 83 34 18 28 43 94 2 2 43 75 16 9 4 50 59 10 88 81 61 34 69 83 95 28 90 17 14 80 66 25 68 36 25 83 62 30 58 38 23 90 23 87 100 3 75 72 
42 20 93 56 11 88 93 1 64 54 9 8 34 38 17 69 80 8 99 9 100 62 97 70 48 96 99 3 19 12 86 89 23 22 22 82 35 29 74 50 61 1 31 87 45 91 99 32 59 61 13 20 42 53 34 75 55 46 18 20 77 58 26 39 33 44 88 62 8 87 21 47 7 35 71 84 35 6 27 44 94 29 26 6 59 13 29 56 60 21 88 41 95 50 11 93 27 59 43 72 
40 69 46 95 10 79 63 7 8 90 92 82 43 55 76 83 52 91 61 38 17 75 95 57 12 66 10 41 73 71 90 97 49 29 7 51 42 10 51 13 60 99 18 12 41 26 88 3 71 59 46 5 12 18 84 8 86 21 56 93 58 84 5 24 82 88 19 44 74 28 42 43 21 93 50 59 6 20 57 71 82 3 29 87 13 99 65 39 69 66 96 97 56 49 44 1 97 63 26 9 
86 32 42 12 70 91 86 82 95 64 6 66 44 31 73 75 51 84 27 16 27 48 82 30 10 18 54 32 91 88 69 23 70 53 56 9 76 35 79 90 62 40 54 32 38 85 40 73 11 57 14 96 92 37 19 46 79 70 39 15 62 81 44 96 55 36 24 20 19 38 48 46 41 58 65 52 35 34 29 40 71 99 78 43 67 44 95 61 3 67 22 47 96 43 53 86 63 14 40 65 
46 53 68 52 52 95 35 41 64 60 29 89 55 40 38 78 79 31 34 80 42 66 14 53 27 51 62 17 73 31 72 21 14 36 39 26 81 88 84 54 36 47 43 34 60 93 86 90 61 67 81 42 33 67 59 91 26 95 1 29 83 1 28 42 90 59 54 65 74 1 79 49 64 71 41 55 68 20 21 94 20 17 13 97 65 18 93 81 35 23 76 8 77 23 73 36 27 72 10 43 
4 44 66 9 70 78 43 92 88 24 84 3 41 58 50 63 27 27 19 67 5 19 41 91 80 5 60 3 54 58 31 87 59 65 99 15 37 54 30 33 89 64 36 51 97 30 24 7 67 90 22 11 20 49 22 36 29 91 6 64 100 66 90 66 49 26 29 67 33 93 90 32 81 45 19 32 26 91 30 58 72 76 85 80 83 40 82 98 27 36 76 83 68 6 86 39 49 94 32 18 
49 44 33 12 16 56 90 52 26 36 5 57 2 28 44 24 40 28 21 57 55 59 70 91 88 43 1 41 76 91 98 87 89 44 6 11 1 27 3 93 15 25 65 38 27 91 81 58 4 79 7 57 54 7 80 4 8 65 71 51 9 39 94 41 64 50 62 22 66 92 80 30 22 63 68 81 66 77 28 30 89 86 32 13 59 68 7 71 63 88 50 20 87 98 99 40 21 15 14 26 
61 35 99 82 34 56 10 54 64 57 86 48 80 69 89 88 7 23 38 38 32 15 37 40 97 97 95 24 52 14 100 62 90 37 94 35 79 29 91 81 88 52 10 54 14 24 74 49 13 69 4 58 4 55 56 27 51 40 9 42 37 11 69 33 75 90 87 99 71 5 48 8 11 58 39 65 31 16 19 51 96 92 47 63 72 40 5 46 8 45 92 55 79 56 1 14 57 29 70 70 
62 12 14 91 69 70 73 31 13 19 64 83 55 24 5 26 86 97 45 97 84 28 29 20 9 50 3 68 89 18 94 58 65 91 46 15 32 60 73 39 93 43 85 59 80 40 54 15 95 73 16 62 19 100 64 89 83 45 93 27 18 82 3 97 38 28 14 33 90 29 5 90 82 8 60 92 99 44 97 22 76 60 92 29 96 71 11 86 43 65 12 51 65 86 80 53 70 31 72 52 
94 35 3 61 88 48 32 30 25 54 90 5 4 62 92 81 2 30 48 53 90 13 49 12 50 1 55 51 75 85 43 34 80 64 71 99 37 92 29 29 31 63 3 88 99 3 26 54 10 56 48 36 96 59 50 13 18 40 17 43 45 90 5 4 97 95 74 78 52 94 6 33 47 72 31 79 80 64 46 60 57 89 26 21 7 52 98 80 61 39 85 96 20 86 68 35 59 78 47 44 
1 88 72 45 59 30 9 65 7 73 56 60 84 99 68 26 83 29 36 17 38 79 61 21 62 97 26 42 74 47 33 43 14 100 15 91 8 27 14 64 83 25 5 1 71 85 57 62 38 100 6 58 85 81 62 89 80 94 96 81 73 18 19 59 82 19 67 14 13 38 97 61 92 85 8 14 79 94 7 9 38 90 41 40 17 79 36 11 99 37 14 23 24 66 56 22 72 17 56 79 
91 47 20 30 66 7 15 15 28 58 57 55 19 88 25 34 64 36 27 65 74 5 20 8 32 82 66 43 12 39 85 60 39 2 1 33 39 75 29 34 45 30 24 82 100 81 94 52 74 41 26 42 64 95 5 44 92 29 46 62 31 68 74 99 2 36 14 7 69 36 12 7 49 11 50 56 43 2 36 99 36 37 42 15 94 80 88 16 17 18 53 35 97 31 33 91 15 5 36 69 
45 5 91 13 63 55 23 6 35 59 62 25 53 54 84 13 73 43 81 28 73 23 5 29 62 84 74 73 10 74 86 71 8 31 22 67 29 77 95 4 80 20 94 8 9 56 66 71 90 45 16 35 3 16 81 89 98 84 24 47 9 7 94 43 20 42 60 30 94 92 32 76 81 38 17 78 51 84 97 98 89 38 29 12 10 38 83 19 60 35 17 88 30 20 5 35 5 64 48 69 
23 87 21 66 11 82 19 97 23 40 33 76 38 60 82 49 11 70 26 59 58 37 13 42 99 97 52 69 37 17 38 62 60 21 70 9 2 51 10 8 43 58 30 12 31 45 42 31 93 77 91 20 92 69 37 75 99 39 15 54 64 92 40 75 51 25 99 64 15 49 92 7 36 97 62 4 16 95 35 15 18 100 50 70 25 76 19 85 38 24 48 95 18 28 98 99 42 67 39 86 
15 12 1 92 3 64 88 24 68 21 25 52 12 49 59 35 58 7 85 91 89 70 56 59 72 100 46 14 8 23 6 3 83 16 58 18 36 34 70 19 1 78 88 100 99 78 4 29 7 34 29 65 37 48 8 30 49 87 90 84 62 35 97 46 34 22 21 14 64 44 45 97 77 81 68 88 52 47 71 26 23 84 91 60 15 97 31 65 91 90 95 21 31 81 78 33 59 7 12 66 
46 70 23 3 71 8 51 29 95 83 73 70 4 49 87 1 100 79 10 12 37 52 67 49 5 42 32 34 19 6 49 36 49 98 40 8 64 44 7 41 65 52 99 28 48 75 23 76 54 87 44 5 20 98 43 69 95 71 69 56 22 16 97 100 39 33 28 54 67 2 60 98 7 66 38 15 51 95 59 66 68 64 67 22 98 30 54 94 99 14 88 94 38 19 78 78 1 34 30 50 
63 67 61 42 10 83 41 88 28 84 54 74 91 89 60 61 54 52 27 21 77 1 34 82 77 61 68 53 68 35 92 8 95 55 68 41 91 3 28 90 68 29 81 72 9 36 3 62 93 97 62 94 44 84 46 62 24 81 43 54 90 57 57 21 22 17 19 46 45 22 20 33 92 57 27 8 27 8 96 90 86 1 21 15 89 33 100 33 10 12 69 22 3 20 58 63 78 10 42 86 
7 46 50 68 48 64 92 68 17 95 84 44 54 28 42 6 22 19 66 40 22 86 35 71 15 63 49 17 83 2 21 6 91 84 9 77 17 23 21 6 11 12 59 58 53 38 27 59 87 27 83 61 47 16 98 42 9 31 43 51 85 91 61 69 100 52 19 20 75 39 91 46 83 85 37 70 33 16 74 32 51 22 89 70 34 33 89 16 32 29 68 21 13 43 88 15 82 14 2 76 
57 43 100 10 92 51 77 2 97 7 73 33 70 75 26 89 44 95 76 47 99 49 14 74 81 72 4 3 71 24 36 36 61 81 33 92 72 51 68 29 7 62 53 68 49 27 21 40 54 32 9 99 54 26 92 69 92 54 95 43 21 50 17 83 1 64 54 15 60 65 40 67 71 7 24 59 57 9 22 44 34 11 30 15 33 7 74 55 89 93 81 74 48 27 71 53 35 58 29 25 
69 81 68 99 16 40 62 78 34 36 12 13 10 20 7 81 65 94 55 84 2 11 73 24 55 91 75 39 17 9 39 34 26 66 15 65 42 92 48 95 30 48 6 3 31 65 66 58 68 60 5 96 10 99 72 56 61 60 70 86 29 87 83 27 90 29 94 72 73 45 42 65 81 82 59 56 99 12 59 28 59 64 71 36 29 88 24 77 41 98 26 34 76 84 2 34 19 60 43 18 
38 22 22 37 41 18 4 52 56 91 65 67 68 75 2 88 14 50 87 100 77 21 61 31 8 55 37 8 68 84 54 35 71 71 74 93 91 56 81 60 5 36 33 89 81 81 7 58 34 74 16 16 11 55 49 45 41 80 57 21 75 21 9 65 61 27 34 64 24 39 52 40 39 3 88 25 6 42 46 80 14 16 92 23 10 1 49 56 69 75 91 12 50 98 27 23 79 27 49 43 
87 61 72 71 57 96 17 37 77 84 99 51 57 50 1 33 25 38 72 25 100 40 29 22 31 4 68 45 58 8 79 8 84 50 99 4 4 28 84 91 99 45 68 45 76 21 57 59 29 76 53 50 3 100 3 15 9 47 89 85 44 45 77 98 3 46 71 6 94 73 5 25 21 36 8 19 50 31 28 14 15 51 39 7 37 23 13 17 86 66 40 50 18 100 86 73 20 10 48 27 
84 33 49 50 89 84 97 84 19 32 88 14 54 97 67 38 84 49 3 89 31 91 75 49 91 53 9 59 72 60 48 84 96 30 98 100 94 68 15 87 9 43 48 29 55 70 47 49 62 77 74 94 32 41 10 19 20 89 26 89 25 75 77 37 14 13 57 54 81 81 95 87 74 33 34 22 80 66 36 22 13 58 58 78 41 28 24 6 43 29 42 53 70 37 16 43 81 96 20 89 
55 4 70 59 45 45 48 55 12 91 17 96 40 48 70 73 36 65 75 34 29 22 83 48 69 1 43 19 12 95 41 15 5 44 67 96 88 58 28 39 30 50 15 81 77 69 51 2 36 7 8 17 58 26 52 80 37 78 49 29 47 37 22 18 55 36 62 56 31 41 70 66 73 5 44 47 22 39 53 81 53 26 27 95 47 91 50 43 85 3 46 60 81 77 90 3 43 69 60 76 
3 50 9 82 47 66 67 91 15 67 69 21 21 21 3 56 32 56 55 65 62 33 2 53 73 67 3 90 56 81 89 30 6 79 60 92 62 81 27 83 76 3 82 12 9 94 3 47 35 35 23 94 44 100 86 2 39 66 32 99 35 88 43 35 9 69 84 64 88 13 62 94 2 95 10 73 90 51 48 93 26 30 1 90 18 28 94 44 33 41 83 70 64 32 24 15 64 1 76 32 
18 91 9 75 39 91 55 9 59 41 15 19 24 48 43 83 65 13 79 54 53 16 74 80 11 89 20 51 47 23 90 8 56 93 30 62 30 57 37 48 8 51 65 83 23 83 87 36 93 84 12 90 46 33 94 99 2 20 98 59 96 5 6 22 12 51 46 99 77 66 47 27 90 93 49 93 37 21 69 80 79 66 43 57 100 74 7 48 92 43 69 34 43 51 89 1 40 34 5 14 
84 76 75 66 27 93 2 79 98 20 43 10 56 22 19 59 75 73 17 28 16 3 80 66 85 32 15 31 45 8 13 27 58 59 27 64 28 80 35 76 49 96 8 65 12 6 97 49 22 22 35 27 91 45 73 63 57 26 5 66 94 31 69 69 52 37 8 83 11 73 19 57 35 4 33 75 70 89 31 52 45 38 33 58 36 16 2 24 52 48 97 94 81 7 90 78 58 16 38 89 
47 32 86 36 17 90 62 18 43 99 4 5 15 17 92 38 89 57 99 8 69 26 70 46 17 29 97 64 44 7 87 23 37 54 67 83 63 97 92 9 30 75 92 3 78 11 78 7 63 8 65 81 90 43 93 49 64 38 89 97 22 78 86 86 12 80 14 80 11 38 36 48 83 48 50 74 29 55 84 5 97 25 8 80 32 36 53 87 86 73 54 60 12 92 57 63 75 76 74 86 
87 12 28 50 31 21 4 60 58 5 66 81 73 28 55 26 82 62 38 15 61 86 78 46 14 28 27 75 7 30 25 18 76 43 22 13 81 91 51 81 59 87 81 86 2 73 13 20 18 50 49 4 29 54 44 69 87 22 74 73 59 30 44 33 43 33 56 65 58 91 76 82 75 71 20 29 60 87 35 76 2 88 82 14 54 80 6 70 47 62 96 84 45 91 100 6 42 56 74 32 
70 9 71 76 28 73 87 36 97 38 87 95 63 49 52 36 50 51 13 47 26 7 92 3 70 82 68 30 40 22 20 64 10 63 84 28 59 66 29 88 15 10 14 26 58 48 98 14 6 21 51 6 20 48 93 15 25 50 4 22 94 19 82 11 45 14 58 92 90 51 11 64 57 14 99 55 85 88 64 59 72 23 78 89 21 97 40 7 65 53 99 6 90 15 28 76 53 92 57 78 
17 49 95 59 38 19 97 45 56 58 59 56 22 22 81 69 12 62 28 58 39 21 95 81 67 39 67 7 37 28 12 87 13 69 61 70 20 64 7 40 73 55 7 49 96 33 1 66 87 90 45 18 98 79 97 19 44 61 13 53 38 41 45 95 25 50 44 60 77 49 99 74 45 64 49 41 18 17 72 74 43 80 32 20 9 24 64 16 90 83 12 20 62 39 52 86 53 67 8 27 
9 84 49 26 53 7 5 2 27 76 90 89 12 92 46 41 46 46 58 81 38 70 40 46 29 37 100 87 8 79 18 22 72 18 78 12 25 35 47 74 16 49 72 87 35 68 49 68 7 20 37 71 53 34 71 44 53 10 32 9 37 50 16 5 44 94 54 17 22 38 82 48 39 15 23 13 60 95 97 37 58 93 44 79 73 92 56 26 13 23 17 17 42 75 91 63 10 11 47 1 
97 90 55 35 97 98 88 69 67 54 39 59 1 4 48 1 73 59 20 15 90 39 35 19 76 55 92 32 22 13 15 3 76 7 17 96 13 2 89 71 4 90 76 48 21 60 64 58 40 42 35 82 23 86 56 41 23 83 24 73 3 17 36 5 50 26 98 88 11 57 75 37 7 76 87 40 36 3 47 43 11 66 87 72 8 51 15 45 26 31 73 74 40 48 71 41 32 28 58 67 
15 28 87 100 91 83 96 31 60 61 28 65 32 100 9 52 56 82 50 43 40 26 73 27 46 57 39 6 92 2 96 99 28 95 5 9 17 66 47 65 78 56 94 70 75 49 93 96 50 48 46 50 47 5 71 46 100 71 51 67 28 36 88 76 21 98 20 80 63 45 10 85 97 2 1 17 54 14 69 3 55 18 96 70 89 46 3 5 44 72 92 96 10 62 19 94 68 43 100 62 
4 98 37 8 93 77 24 16 19 60 23 94 22 5 23 21 83 96 44 78 7 81 52 84 9 99 65 92 96 49 2 79 66 45 99 3 60 26 11 83 41 29 90 38 1 5 31 22 82 63 42 12 75 28 23 57 9 96 95 36 78 50 79 44 32 45 52 40 78 46 39 56 95 91 21 36 35 27 100 63 5 71 88 85 28 71 72 93 91 81 2 79 62 75 49 75 17 75 72 19 
34 57 9 71 87 10 78 23 26 5 34 100 66 64 42 63 95 95 68 77 34 75 4 22 18 78 48 75 27 41 24 49 100 61 78 23 71 31 81 72 70 50 44 42 90 79 42 5 39 65 65 78 36 21 49 16 73 44 35 37 1 55 35 99 30 15 34 64 94 100 43 99 81 84 53 73 48 9 54 34 57 8 9 5 7 33 54 51 59 65 2 43 75 60 54 47 15 37 92 38 
42 80 66 98 51 42 58 60 31 66 11 29 39 66 11 47 31 90 88 85 18 20 22 25 26 18 16 27 66 3 18 50 84 79 2 9 88 54 12 61 21 9 53 56 7 41 98 47 63 33 55 1 29 69 97 85 26 84 63 48 90 97 22 55 31 16 46 65 40 81 99 41 5 35 80 80 22 36 27 19 72 19 18 51 44 7 40 73 100 83 37 14 30 13 63 68 36 76 96 88 
66 30 28 23 42 50 69 79 95 6 84 82 16 56 24 25 34 27 97 33 53 32 47 80 77 50 13 17 12 92 50 15 61 27 65 16 89 90 17 18 22 40 43 39 49 93 10 2 52 90 27 36 9 79 2 39 42 47 82 42 76 43 51 60 63 16 88 91 43 11 91 84 78 61 78 63 57 41 25 3 22 18 4 16 13 54 33 27 49 46 87 25 55 54 24 59 33 7 18 69 
48 40 69 12 11 88 10 38 84 76 11 77 71 26 22 88 85 83 51 48 57 79 36 100 88 80 44 94 14 42 82 39 61 58 86 3 14 77 29 97 51 87 21 21 78 14 66 21 2 58 68 31 91 11 23 58 41 49 43 13 89 45 38 30 62 27 9 56 74 19 56 81 98 87 50 9 36 60 23 61 59 71 61 78 11 60 67 81 80 29 64 27 77 54 4 70 32 47 37 38 
22 28 99 86 2 74 29 61 89 96 5 96 33 95 33 100 26 82 99 62 68 96 49 22 98 61 8 44 61 97 4 1 54 27 57 45 1 76 24 39 11 87 43 3 47 15 73 27 4 3 29 41 83 13 71 61 29 86 49 100 46 67 63 9 86 49 33 30 74 73 95 47 3 62 71 12 53 65 45 10 76 37 15 72 81 26 51 89 75 97 80 9 23 30 44 93 23 43 7 98 
70 34 54 77 69 63 12 17 94 79 43 82 82 48 26 42 65 19 36 61 18 36 17 92 61 26 22 80 90 36 87 9 54 89 33 91 78 59 26 42 96 88 33 87 37 12 13 64 18 9 53 59 69 46 66 9 37 41 12 16 40 18 39 76 37 6 66 55 25 50 93 62 79 36 25 35 9 48 12 66 43 42 2 87 54 48 35 66 84 84 60 23 91 76 74 84 36 7 88 12 
53 46 39 45 56 82 41 85 84 74 22 56 61 1 43 37 97 39 4 75 10 65 64 76 83 44 39 19 85 61 49 91 46 28 56 95 8 17 25 18 69 99 47 83 50 3 23 94 29 97 71 78 22 24 41 53 90 35 90 30 1 73 17 26 96 67 89 42 25 67 27 34 1 94 22 10 51 56 74 80 13 95 9 4 54 61 86 11 35 36 90 70 15 39 87 42 82 78 5 70 
16 88 1 2 57 71 14 43 99 35 49 8 88 74 81 58 77 17 86 99 85 59 66 54 31 16 34 46 60 43 31 9 42 29 31 32 47 27 82 41 14 66 53 32 82 76 79 34 21 99 77 30 42 19 35 54 11 7 39 92 52 42 46 61 82 38 47 92 86 68 94 16 31 59 46 36 60 79 98 15 19 26 78 74 22 19 38 94 22 37 65 70 82 20 89 85 46 23 40 95 
58 95 9 78 91 34 73 94 68 53 64 86 1 84 98 88 26 44 40 29 35 30 28 43 21 1 5 76 27 9 79 18 11 64 13 86 81 34 23 64 14 82 22 15 58 44 51 85 57 5 5 36 87 12 9 80 21 63 74 2 33 42 94 59 47 51 6 41 68 100 83 42 87 21 14 1 12 49 70 53 73 63 11 26 91 33 81 100 63 24 82 52 94 66 3 64 9 42 29 83 
77 63 78 50 69 75 25 25 55 97 19 33 9 73 61 4 27 35 27 56 33 27 8 80 59 11 38 25 21 86 71 51 59 42 36 50 12 53 69 67 56 9 25 1 15 29 78 71 7 67 87 87 74 10 22 57 94 7 10 28 94 94 97 32 76 56 74 98 80 36 13 59 91 24 61 64 12 63 17 56 43 69 49 15 94 11 65 75 40 14 7 100 31 23 16 16 4 57 1 40 
62 7 45 68 60 40 14 91 11 38 75 2 99 95 5 68 93 26 88 40 8 1 34 21 26 33 65 44 42 34 14 25 14 25 61 42 20 47 61 75 14 19 20 28 2 28 47 45 57 99 11 18 13 86 28 95 51 44 3 57 69 46 95 95 83 41 51 48 24 88 99 62 78 6 28 69 81 12 11 18 10 44 92 38 77 25 44 18 38 24 31 91 76 36 75 42 97 18 96 94 
55 79 58 39 4 30 35 35 34 93 38 97 92 96 91 52 92 39 61 95 27 42 30 29 39 54 15 73 56 43 9 99 28 33 45 82 87 71 40 81 97 91 17 48 27 94 15 70 69 85 8 88 4 98 26 3 75 81 67 94 59 72 10 45 30 96 48 1 86 20 8 64 92 39 50 15 15 7 87 88 66 69 35 66 20 95 57 39 91 85 23 57 19 6 37 7 94 63 75 6 
45 41 99 94 36 36 54 2 60 2 88 46 66 28 2 11 59 46 48 8 92 10 94 66 93 33 32 57 10 14 85 52 43 57 37 82 35 62 27 74 41 81 48 57 19 12 23 62 61 32 51 2 8 90 53 31 1 59 76 50 5 49 48 46 92 50 73 28 23 79 1 2 94 65 58 7 12 72 97 28 95 96 87 10 52 47 9 41 35 65 51 28 89 30 18 79 39 5 2 29 
39 18 50 96 46 9 89 39 70 17 58 71 85 62 78 43 57 46 31 98 9 14 97 93 80 36 25 92 18 79 76 39 78 18 47 64 98 35 76 44 18 53 54 84 85 66 64 7 50 47 22 64 27 46 68 44 70 69 35 7 24 19 67 51 6 65 14 40 24 63 92 17 76 56 87 36 65 29 14 34 61 25 51 41 22 12 39 35 59 91 27 36 69 49 92 82 87 63 65 83 
16 67 99 91 50 51 24 32 47 3 37 63 19 97 24 61 14 67 79 75 74 54 73 64 23 30 46 40 99 86 31 97 72 54 88 61 14 17 36 17 17 52 52 10 81 13 11 73 54 39 4 97 52 49 24 19 96 28 37 47 66 86 61 86 25 73 40 24 96 24 32 78 11 53 92 31 9 33 23 41 1 42 71 55 28 38 47 10 81 98 6 98 16 92 100 34 73 88 2 26 
21 70 16 71 99 85 11 34 81 85 66 83 1 98 26 26 72 7 34 91 75 5 98 54 52 60 81 8 93 63 9 15 94 20 3 51 13 54 68 47 64 49 91 68 23 4 49 74 63 6 24 78 29 72 88 25 74 62 33 47 48 12 16 75 89 77 98 58 66 7 38 61 32 9 31 96 87 54 6 56 39 100 78 18 57 55 43 12 83 16 19 77 75 42 35 44 3 54 62 9 
10 39 68 87 74 42 83 50 26 58 49 87 45 79 20 1 89 57 94 22 53 39 48 46 76 78 26 40 75 81 74 93 57 30 15 29 40 83 50 3 79 92 60 79 25 72 4 25 52 40 5 5 47 15 3 21 19 21 46 92 81 96 53 96 45 19 100 78 52 46 24 22 85 53 50 29 30 27 13 71 63 83 97 46 92 73 4 53 98 70 63 4 68 32 78 33 51 10 77 59 
58 83 65 48 21 87 64 1 99 83 32 97 75 57 52 25 45 51 13 82 30 19 14 75 34 4 63 14 60 78 87 8 82 98 92 51 10 30 70 12 6 74 7 26 45 98 1 25 50 17 76 19 10 63 67 6 25 73 78 89 38 11 67 14 68 66 44 68 100 13 84 43 88 52 68 97 60 53 22 2 98 66 10 49 66 13 44 25 62 79 28 45 48 94 26 97 61 4 20 77 
44 69 59 57 99 100 70 96 88 8 35 74 73 55 53 83 42 96 72 81 42 77 99 69 8 96 45 41 13 26 14 70 51 88 2 85 1 79 63 50 22 69 75 26 96 16 84 6 11 10 13 33 57 51 35 5 18 70 12 30 30 60 11 14 85 4 43 63 51 100 100 37 74 2 57 68 93 42 66 91 68 58 57 93 46 69 34 13 29 67 51 53 70 21 92 77 51 45 64 43 
40 73 48 9 95 69 28 60 96 23 61 2 94 16 20 40 77 64 23 21 12 31 100 38 29 70 77 85 26 40 56 93 41 44 19 72 93 51 99 60 96 11 85 84 31 55 84 28 81 7 5 63 97 18 27 47 16 77 40 51 43 83 68 22 34 1 93 41 34 60 76 76 33 30 100 2 22 27 74 68 98 22 49 69 30 61 84 87 93 81 11 64 60 95 62 11 37 32 80 95 
98 62 74 56 66 49 59 21 3 32 42 8 7 64 67 76 37 65 84 8 56 57 15 83 91 94 3 75 31 42 26 60 87 86 35 93 76 10 84 21 68 24 40 70 53 75 66 35 70 59 76 66 73 58 11 55 48 77 12 12 95 2 16 77 15 58 70 53 82 69 86 86 100 76 95 97 90 29 86 23 91 23 9 66 70 37 65 73 5 90 10 44 76 92 38 25 33 95 83 51 
3 64 65 31 47 55 31 78 28 86 22 17 90 62 97 59 7 61 33 62 28 19 23 36 97 84 92 70 28 71 52 83 64 9 30 37 22 93 94 71 29 51 36 60 50 9 25 95 43 85 63 98 26 49 57 87 46 51 71 45 3 91 33 8 1 78 5 29 14 51 37 57 62 22 66 30 93 94 38 98 60 100 74 10 30 39 51 88 57 16 90 48 18 72 76 3 15 96 13 53 
4 1 96 3 10 68 13 89 81 19 56 63 62 73 88 17 19 42 67 3 42 4 3 16 65 90 80 16 48 58 29 76 76 81 42 92 84 19 1 3 98 46 64 45 54 24 17 69 54 58 71 57 8 62 73 37 53 82 7 24 76 21 71 25 73 16 59 66 80 89 47 46 41 17 72 28 17 62 100 68 9 70 26 40 6 71 52 51 78 11 35 83 60 83 52 33 39 25 24 13 
41 89 71 37 37 52 76 27 8 44 83 87 91 10 24 47 25 19 30 24 3 61 94 61 3 33 47 41 32 31 17 12 12 42 24 41 81 47 40 82 54 69 45 18 1 52 62 81 80 73 48 34 83 6 35 76 34 55 58 100 60 99 74 35 28 59 48 86 91 71 63 67 58 14 94 28 4 59 39 73 10 50 65 9 2 27 11 70 10 1 6 3 80 47 58 69 56 36 94 88 
54 31 24 36 16 20 31 48 36 11 49 49 46 95 5 52 19 26 59 96 84 96 93 66 16 17 16 23 15 64 34 93 10 15 35 47 46 8 26 69 1 63 24 32 48 91 17 13 54 30 15 25 37 65 7 34 100 91 1 3 94 49 36 63 39 79 52 19 97 11 5 83 50 43 79 70 71 35 74 65 4 11 56 12 64 75 1 64 70 63 15 20 78 25 53 65 10 4 99 56 
17 65 92 82 32 42 31 72 86 71 77 78 60 75 33 56 9 94 86 29 97 17 92 46 88 36 58 66 44 49 70 12 91 48 73 16 36 90 53 7 18 38 92 58 14 31 95 37 86 50 56 44 72 100 63 65 38 68 78 71 95 39 54 16 17 36 93 2 56 40 62 18 10 98 17 99 23 33 45 31 100 39 2 65 68 56 83 67 22 60 53 13 85 75 65 96 60 35 3 58 
72 36 41 61 74 72 80 56 26 36 45 5 96 39 65 8 14 31 11 50 31 53 62 50 83 77 57 24 97 22 62 15 31 98 84 39 1 1 4 33 46 26 21 12 82 22 17 25 33 13 92 38 33 33 24 42 31 22 63 5 35 52 58 54 96 64 52 13 81 21 16 44 10 88 3 80 25 5 99 44 45 44 40 93 42 91 74 57 76 26 48 57 6 8 3 69 40 66 72 78 
65 92 38 37 98 77 39 9 11 51 4 25 89 32 2 20 35 18 96 47 91 90 99 9 43 35 22 31 95 39 100 75 22 59 73 95 72 89 94 23 50 27 98 10 27 77 6 58 53 13 38 34 44 24 86 30 38 52 80 83 84 90 91 12 20 80 88 76 93 45 61 5 49 17 44 83 70 3 55 11 88 8 77 44 43 51 49 92 25 11 70 75 55 91 25 77 21 46 69 78 
49 1 32 85 94 43 19 24 100 8 48 17 8 82 63 65 26 76 17 9 100 61 84 29 41 29 34 33 79 60 87 54 4 34 53 48 35 95 54 55 30 24 23 82 92 74 18 80 100 59 64 17 65 95 79 11 5 88 55 58 67 29 59 87 23 69 1 80 67 30 77 61 71 58 69 36 25 28 61 76 78 72 70 57 22 20 3 79 4 25 53 20 93 50 57 79 17 26 27 37 
90 33 87 44 78 43 85 72 48 42 77 90 99 19 30 99 28 93 66 42 69 48 89 57 62 37 49 95 24 81 64 45 29 21 76 3 32 17 26 29 9 23 11 80 25 66 80 15 4 37 55 95 8 52 73 47 55 72 97 38 89 56 6 37 47 57 3 53 17 16 62 73 11 85 10 96 4 67 52 77 49 7 1 61 79 1 18 14 7 93 55 94 51 20 1 52 97 85 6 33 
33 4 49 29 55 49 86 70 67 79 55 68 5 78 100 59 50 41 71 39 26 9 27 86 36 30 60 24 76 65 30 2 87 85 72 56 58 77 76 29 77 28 90 48 42 72 41 7 13 88 66 39 34 9 98 13 2 6 77 17 48 89 77 65 92 16 89 56 90 73 7 97 68 3 83 91 78 19 91 13 6 82 14 46 40 25 18 92 81 26 70 7 84 95 11 86 59 71 96 16 
72 13 44 96 43 93 99 3 91 71 44 28 87 95 74 24 24 10 9 70 26 65 68 25 100 29 30 16 30 37 66 85 7 84 36 26 13 61 71 56 40 24 63 64 18 94 10 89 87 74 88 12 34 76 68 9 9 85 100 76 11 25 9 84 44 30 4 100 14 77 84 52 27 86 70 14 62 60 61 100 37 3 8 39 96 59 96 55 46 47 99 10 61 98 55 14 7 62 10 36 
55 33 69 69 75 61 38 46 81 36 31 47 54 52 11 15 40 85 27 31 73 94 41 68 61 16 38 65 53 70 69 69 85 58 98 15 58 11 57 24 9 100 52 29 67 14 49 78 79 12 44 27 73 77 87 99 52 76 1 95 21 84 32 62 59 76 40 67 96 83 33 31 34 49 27 93 65 23 19 45 71 2 65 51 22 61 38 37 2 67 14 45 95 11 53 98 6 37 26 40 
35 47 19 4 49 65 3 94 18 64 28 98 15 9 22 56 77 75 85 62 72 93 7 99 89 79 5 70 64 100 53 48 78 21 32 9 86 85 1 82 99 75 65 38 29 27 63 39 67 8 100 15 29 82 38 37 5 37 90 3 5 61 75 50 25 85 6 33 34 43 7 80 43 18 46 100 79 14 63 45 58 20 59 2 88 44 9 55 84 81 94 29 23 70 34 86 11 2 82 57 
98 14 16 99 82 34 16 1 84 12 27 76 30 89 46 15 64 76 3 86 75 87 28 26 55 5 71 4 64 47 24 96 91 99 75 73 49 2 29 16 91 56 25 23 62 87 77 78 40 28 83 78 59 40 57 46 10 17 81 22 87 9 43 45 83 58 85 81 11 96 99 8 51 11 55 26 29 86 45 68 53 78 53 74 58 98 67 89 86 90 75 100 94 67 36 92 65 59 83 53 
14 44 18 53 62 57 62 88 1 73 50 41 86 50 14 82 33 31 1 55 86 42 98 49 31 42 32 28 34 70 14 97 11 13 13 8 12 26 89 79 93 14 35 69 75 4 19 45 6 33 91 3 90 2 55 50 45 11 68 51 59 24 65 3 96 83 87 66 57 76 68 64 71 55 2 54 84 12 29 94 30 48 52 11 5 81 76 33 12 17 62 51 31 65 1 47 87 5 80 26 
5 2 77 69 60 23 88 9 73 92 26 26 66 11 84 16 50 41 56 61 68 52 88 8 71 62 42 41 25 53 78 74 62 65 5 50 20 78 16 79 99 35 14 25 59 64 24 18 36 46 9 51 89 10 57 97 33 40 52 51 99 89 48 27 53 30 53 46 23 91 41 20 46 33 50 61 6 82 46 44 16 14 95 99 84 96 46 39 47 54 63 17 29 77 27 57 54 16 41 66 
18 13 86 42 81 57 12 19 63 43 33 99 53 74 25 94 30 76 41 75 80 46 29 94 56 93 62 15 91 64 46 86 17 82 98 68 76 21 64 34 75 49 28 37 69 98 33 1 86 32 21 27 100 77 63 80 86 77 66 52 28 44 34 20 41 10 27 10 31 58 53 59 50 67 46 78 83 71 37 30 15 53 38 55 67 26 55 74 57 7 85 1 97 71 2 91 14 94 85 18 
73 17 5 79 59 97 43 49 38 26 74 75 87 96 42 10 49 59 93 77 72 81 24 97 50 99 99 60 82 58 13 97 82 46 11 56 63 33 15 36 42 37 84 82 26 40 15 22 92 25 57 91 50 22 80 56 66 78 47 98 40 96 78 29 78 21 32 71 40 53 90 9 62 84 66 30 39 28 31 61 45 9 78 32 9 96 85 5 39 69 68 7 62 21 28 47 10 22 1 79 
69 74 26 88 56 83 68 21 84 86 45 92 52 57 6 77 38 60 69 27 92 33 42 39 15 38 26 90 74 80 93 8 68 54 65 81 23 90 54 11 12 86 22 7 2 46 10 30 82 6 59 65 60 37 73 23 40 30 74 66 32 7 78 41 86 13 41 89 46 96 50 25 58 82 87 39 38 51 17 67 67 33 87 1 82 48 25 27 82 97 56 22 8 60 50 62 46 95 33 65 
23 59 89 95 63 41 59 36 18 57 67 31 11 38 66 87 46 4 21 81 32 59 20 45 34 17 94 24 29 71 97 86 47 3 27 2 7 66 98 54 93 38 94 4 71 53 18 85 33 75 34 42 6 19 74 100 46 53 73 70 40 48 53 16 68 76 61 6 31 21 51 83 13 89 55 36 3 43 54 41 95 100 62 71 20 87 47 6 77 44 64 1 90 21 43 64 56 6 24 73 
93 31 82 74 26 39 89 42 9 86 62 7 66 31 46 23 79 94 10 37 49 58 26 51 18 45 82 46 31 30 81 84 70 62 77 61 55 9 69 29 50 19 44 78 69 20 45 82 81 68 39 58 36 98 14 52 11 5 12 85 45 11 22 100 72 36 59 64 44 41 52 76 97 11 5 76 34 9 26 95 27 79 17 65 7 56 49 100 49 81 90 14 62 69 33 3 79 82 43 51 
11 17 31 99 15 53 15 43 8 63 67 71 83 36 17 99 59 52 71 64 43 62 77 71 67 88 78 79 52 64 67 50 93 87 30 13 95 4 54 54 48 65 56 26 51 2 74 73 100 72 14 4 86 33 99 27 44 63 74 84 58 32 14 83 51 30 86 31 94 9 18 51 67 8 57 89 72 57 10 47 52 36 55 1 52 84 4 53 100 77 98 64 83 47 12 79 61 67 54 73 
23 24 26 89 6 69 22 99 7 37 72 36 87 66 54 75 24 28 91 63 47 52 7 30 25 40 37 2 33 92 23 20 99 68 51 93 38 100 41 11 62 60 87 12 61 98 82 65 66 100 58 40 52 28 42 18 80 7 12 32 19 27 75 7 46 45 59 37 14 32 52 16 56 84 25 59 50 12 92 89 38 19 70 77 14 17 31 66 70 100 4 95 54 6 74 21 17 76 92 17 
74 93 45 44 83 5 99 37 36 93 49 64 20 81 20 39 68 73 27 4 78 60 86 97 100 65 49 82 90 51 32 47 37 16 44 48 78 31 25 59 22 17 56 44 47 24 57 78 85 45 2 51 97 58 24 1 18 48 3 73 49 36 100 90 49 49 34 16 69 20 70 90 76 38 47 86 87 64 59 34 87 70 43 75 88 21 38 44 14 97 43 76 5 15 44 67 99 7 85 61 
60 81 53 18 61 95 52 43 59 56 69 59 90 6 91 65 30 91 9 12 71 96 36 41 29 36 46 40 37 91 58 34 38 91 5 79 36 25 3 26 57 4 8 9 52 5 54 21 77 26 26 34 90 22 20 4 94 50 16 36 59 80 9 96 11 97 81 73 89 85 61 51 32 45 57 36 33 72 10 99 51 32 37 8 19 56 26 45 37 25 80 43 72 92 19 12 30 92 68 51 
74 96 27 53 60 23 100 9 10 92 32 91 78 28 50 17 55 33 73 100 85 71 94 77 11 34 52 45 7 1 12 83 16 36 40 12 72 61 36 16 80 71 44 66 14 28 2 20 15 17 26 25 41 38 52 85 95 87 90 4 44 40 84 27 82 98 30 26 54 94 87 51 9 23 40 8 83 45 43 77 52 33 81 85 54 66 80 74 65 32 32 11 97 64 63 72 98 9 23 91 
59 63 4 1 95 34 22 52 94 25 37 70 74 85 80 79 60 2 75 51 63 7 30 3 43 4 69 80 87 72 33 45 51 98 41 73 97 29 43 100 17 63 73 95 33 83 8 30 1 23 18 9 8 80 97 46 68 66 51 85 66 78 12 54 36 91 67 10 2 1 22 54 60 93 48 96 100 92 99 5 74 8 22 48 43 16 91 2 7 72 35 17 74 77 73 72 10 20 28 62 
75 61 86 20 87 3 81 21 94 88 25 66 2 99 91 53 53 40 3 56 38 100 45 13 11 30 81 91 53 11 6 50 39 89 22 39 23 95 94 60 33 4 38 73 7 57 59 30 11 50 97 47 89 30 15 81 74 98 71 24 50 51 44 43 15 5 94 65 83 39 31 90 35 87 100 9 76 50 48 41 84 14 43 21 83 40 45 45 97 3 93 87 45 26 48 26 12 47 96 23 
84 54 10 36 80 87 56 27 13 31 85 64 26 66 12 4 96 23 83 69 81 86 68 2 37 67 51 55 38 80 98 39 48 66 49 95 43 34 29 98 35 91 31 56 35 60 47 71 53 78 54 61 60 31 81 50 1 1 72 63 20 16 94 90 39 94 17 87 50 91 71 5 72 80 22 4 69 6 25 37 81 16 20 4 63 4 59 93 79 9 61 81 92 24 78 54 90 75 66 17 
51 52 84 54 56 65 10 5 12 80 52 3 74 72 18 41 60 56 61 45 25 39 39 86 51 41 30 91 83 1 54 14 59 35 34 22 52 50 17 5 60 51 85 64 48 76 69 17 47 39 92 47 66 22 78 3 88 99 95 60 73 83 74 57 83 85 99 27 98 56 72 80 75 14 42 39 32 9 49 15 52 38 87 62 45 10 82 79 12 53 99 35 22 51 64 34 74 93 56 66 
28 94 46 7 4 30 73 74 3 68 26 76 98 79 33 99 70 29 75 94 35 6 59 77 92 40 49 35 15 43 43 73 66 44 21 93 73 65 30 51 24 12 52 63 74 17 94 66 88 57 95 82 66 43 97 67 13 34 80 54 76 98 77 100 26 40 92 60 68 87 31 11 76 87 59 13 6 26 12 55 2 90 98 3 43 81 90 95 32 23 87 69 55 46 66 76 51 51 92 11 
97 40 89 1 73 4 46 76 1 82 97 46 87 63 57 71 99 66 82 29 5 75 65 30 65 56 29 38 63 23 15 37 1 3 95 73 57 61 45 61 46 98 28 64 11 71 7 55 32 91 17 90 69 47 7 12 6 52 69 45 20 32 65 28 86 87 71 22 43 78 64 88 98 97 87 17 43 25 46 73 74 34 29 8 100 35 86 53 29 19 49 74 36 13 87 19 84 27 97 43 
41 56 79 100 61 62 75 58 86 40 20 90 14 48 32 89 97 9 18 80 11 63 31 54 7 64 51 91 31 12 80 37 38 23 15 42 57 53 62 32 94 21 71 29 17 30 16 60 83 83 6 73 77 84 7 59 3 16 59 40 25 100 30 15 89 73 10 90 10 82 9 84 85 31 95 69 95 31 50 3 78 95 19 76 25 73 83 40 28 66 21 63 84 68 20 100 15 70 72 42 
94 70 49 53 42 73 53 37 20 32 19 87 9 14 39 28 2 13 42 36 67 14 17 3 28 47 19 32 72 78 15 90 29 53 75 28 44 64 51 30 65 3 24 41 64 76 94 53 5 67 98 95 63 4 31 39 16 53 29 99 25 52 44 50 44 36 10 32 88 1 42 44 18 39 3 35 78 58 96 21 82 23 96 58 15 12 48 20 63 82 63 7 1 78 33 98 68 56 21 60 
61 73 58 97 14 18 18 63 52 89 32 98 69 5 22 100 99 69 67 84 96 48 60 99 18 20 95 93 66 90 86 98 57 70 14 66 44 78 42 22 62 61 72 97 78 97 26 33 86 83 40 97 56 4 51 66 95 37 59 23 60 94 80 5 15 62 76 71 67 29 11 100 3 93 56 87 61 70 14 43 48 63 85 97 31 18 13 41 47 28 11 19 89 78 45 16 76 62 24 65 
42 100 46 60 82 43 6 29 20 3 48 20 77 4 62 64 90 81 26 8 86 24 64 49 57 61 100 97 97 10 48 23 32 100 52 23 43 12 71 69 74 39 77 22 35 59 24 92 94 59 29 81 72 15 64 1 15 45 69 91 55 33 11 4 78 59 29 44 67 100 68 90 62 48 88 66 19 97 52 51 65 77 74 70 46 38 95 17 48 77 3 18 31 20 23 38 99 59 95 59 
23 54 29 40 6 64 5 66 31 3 57 91 69 21 33 6 63 29 32 40 44 79 98 72 46 52 6 16 61 42 94 2 40 26 63 99 3 34 38 69 100 94 31 79 36 9 98 79 62 38 88 8 83 75 31 64 15 40 21 53 10 92 60 16 68 6 72 89 9 24 22 13 77 54 47 100 48 8 35 50 42 74 78 43 63 64 86 81 24 85 59 61 7 24 10 91 17 2 58 42 
59 44 52 91 78 43 67 88 80 4 42 59 73 91 97 47 24 76 74 100 12 37 16 24 17 7 37 24 77 91 19 61 41 11 58 58 25 3 8 26 88 95 1 86 52 49 75 33 37 54 21 19 19 51 33 54 44 45 19 10 20 71 85 91 82 29 70 25 93 92 40 87 44 46 45 5 36 12 86 29 1 2 34 10 29 27 33 38 83 17 42 47 7 15 27 72 51 68 47 45 
54 23 38 62 10 25 27 32 99 81 39 70 8 55 32 46 27 81 31 41 72 15 15 60 65 33 99 65 88 11 23 54 12 82 63 38 14 96 8 99 73 49 53 84 100 10 2 49 99 34 56 7 42 34 73 6 39 62 31 33 17 92 39 53 42 16 38 62 38 97 54 79 11 82 51 27 38 23 46 99 30 29 23 33 59 73 19 71 34 74 38 59 8 70 38 36 63 89 97 38 
42 97 83 79 6 45 97 97 94 52 70 14 30 30 68 68 70 60 29 70 86 70 13 29 8 84 12 60 31 68 84 66 80 54 24 56 49 55 18 55 26 54 26 54 78 75 70 68 35 30 27 86 32 7 52 16 36 92 17 2 11 80 14 86 23 47 55 71 7 91 10 14 67 78 15 57 22 60 16 28 25 31 6 15 53 6 7 3 35 11 54 28 39 33 79 17 15 81 46 23 
29 43 1 39 58 16 59 58 36 16 95 73 24 72 38 93 28 35 82 15 27 9 71 24 64 9 99 39 89 98 50 72 84 47 12 36 11 100 53 89 18 89 32 6 89 71 37 44 13 50 90 1 70 18 3 28 59 21 48 31 68 78 64 77 26 54 39 37 82 65 83 36 26 1 54 92 1 58 38 64 25 62 20 39 34 60 55 98 3 41 56 9 42 47 71 13 92 80 89 47 
40 18 42 88 19 57 27 45 92 71 21 86 55 91 46 88 14 90 59 56 68 4 37 59 19 55 47 94 92 23 35 85 5 61 12 33 35 45 22 12 77 11 76 26 65 12 91 75 1 69 59 39 28 78 82 51 49 20 32 39 44 94 2 67 78 37 56 95 6 72 45 38 71 40 74 21 33 91 4 43 31 14 81 72 54 82 13 34 66 18 56 94 3 63 89 41 6 18 96 23 
22 85 28 23 73 62 81 29 76 29 36 85 93 83 58 82 4 73 42 57 79 38 51 64 69 84 87 5 26 22 97 71 83 11 82 41 30 77 81 30 55 73 83 7 84 42 29 54 89 59 50 42 14 54 75 69 41 57 89 56 66 87 43 51 83 65 93 83 94 49 47 6 54 78 57 34 86 30 39 18 54 96 24 23 100 47 27 32 68 10 15 100 33 87 75 66 87 69 11 19 
81 20 68 37 42 7 66 30 55 33 5 59 98 60 77 1 35 71 54 55 13 16 47 42 43 52 41 91 92 83 67 51 53 81 29 76 23 30 67 19 55 75 45 5 92 2 64 11 53 24 95 88 79 71 37 22 25 3 82 79 9 27 24 72 36 5 65 86 92 2 75 53 8 48 84 52 45 31 74 38 13 69 54 58 58 90 51 33 18 63 87 46 50 9 41 83 27 35 3 39 
67 90 9 21 78 52 72 86 77 14 14 80 98 4 91 31 8 83 92 59 98 9 63 81 64 6 60 89 28 47 21 94 50 72 92 66 51 15 13 38 33 47 94 15 82 32 8 93 23 16 85 26 54 40 13 11 51 47 79 88 69 63 10 50 10 6 81 33 20 80 61 87 23 68 5 9 68 22 9 73 72 46 83 92 3 52 63 50 94 33 92 33 47 91 50 34 76 1 88 15 
77 92 14 73 27 11 36 32 6 37 34 48 3 55 44 12 11 57 10 19 8 72 90 15 67 1 34 80 18 13 76 60 61 15 97 23 20 100 26 96 26 98 38 67 13 59 85 34 14 63 22 26 76 40 47 64 31 94 25 81 74 63 12 59 54 80 88 26 95 54 90 36 84 73 81 92 50 47 5 89 44 85 6 30 60 40 96 34 31 56 56 82 5 7 71 21 40 33 37 5 
63 44 89 13 62 44 69 38 29 79 78 33 98 11 96 41 4 79 54 10 93 76 72 68 67 24 6 61 13 20 26 87 52 45 74 43 69 70 27 82 18 10 19 73 80 74 91 58 13 24 77 87 52 25 75 3 53 97 34 55 62 42 22 3 34 99 52 21 12 38 44 80 98 97 11 53 72 47 83 79 88 74 97 22 25 4 93 87 58 97 12 42 59 61 51 21 37 40 37 15 
75 69 3 25 26 87 12 42 74 61 86 31 60 71 90 25 57 10 25 5 1 89 19 29 65 3 49 28 21 7 44 98 4 95 11 39 33 71 43 35 54 87 51 91 3 63 20 75 79 25 80 78 61 76 59 33 33 72 98 34 47 78 13 85 59 2 93 80 10 22 64 50 1 71 49 27 20 70 52 20 70 70 57 99 76 46 74 82 41 94 89 62 70 92 52 1 21 4 2 38 
11 31 41 48 76 14 75 84 60 25 95 46 95 14 24 40 21 99 21 42 3 56 39 31 23 83 12 45 49 100 49 23 8 80 81 26 48 51 34 96 84 42 7 44 85 61 25 22 89 30 98 10 20 31 74 59 63 40 30 80 57 86 22 31 95 30 83 57 11 5 2 6 49 87 41 88 56 89 46 38 46 55 91 79 96 3 2 5 44 74 8 18 45 75 19 92 70 15 81 44 
77 45 3 36 48 47 29 96 62 39 100 7 37 92 18 76 20 45 39 81 64 45 21 93 93 77 28 66 73 74 10 69 77 53 99 78 44 41 26 83 29 98 49 72 57 69 72 85 21 91 19 68 89 91 3 71 47 67 100 93 67 38 27 28 43 89 64 67 51 100 44 77 34 78 55 90 38 49 43 64 9 63 7 91 45 80 35 9 45 66 48 52 76 65 73 35 9 100 63 71 
27 2 88 51 64 28 23 70 95 68 46 4 21 85 67 45 34 37 50 98 85 29 74 91 58 40 57 75 93 78 45 50 60 86 87 90 12 5 43 34 74 83 46 86 79 50 42 84 84 19 8 19 84 98 26 91 96 22 61 99 4 67 4 16 100 75 21 71 14 95 64 99 27 40 28 74 35 71 66 2 21 61 5 89 23 88 2 90 3 86 57 16 43 1 81 99 44 68 7 85 
31 76 1 32 67 60 52 42 76 30 44 45 45 8 36 44 46 83 56 26 26 19 80 86 9 76 60 36 99 6 14 86 61 27 68 28 44 14 74 24 55 93 63 8 45 70 89 78 16 88 19 99 41 69 52 76 71 98 91 65 9 93 17 52 82 25 84 14 46 38 32 55 25 38 36 62 7 46 78 89 18 28 67 65 78 87 60 26 87 84 57 54 31 39 38 71 51 70 13 55 
27 4 87 99 80 25 85 23 65 58 64 38 95 21 70 86 25 71 65 65 35 60 47 41 21 80 78 81 95 65 9 2 85 70 14 44 70 22 46 63 73 77 91 32 16 82 34 39 77 41 60 45 60 49 44 56 73 79 85 16 77 93 3 18 1 80 60 3 15 82 66 66 95 60 33 66 44 73 76 25 7 51 11 63 85 92 2 73 7 75 78 2 57 94 70 76 30 62 39 71 
76 7 82 22 94 60 20 55 43 4 71 22 71 11 43 89 8 16 72 50 1 2 11 45 70 81 48 87 70 14 16 74 95 78 84 41 98 38 84 28 48 44 90 34 69 55 67 56 89 65 68 15 31 52 81 42 11 55 77 52 50 16 46 71 13 84 83 26 7 44 37 36 37 15 11 16 36 96 19 16 66 31 21 6 100 82 90 71 39 62 99 37 7 35 54 95 22 53 45 36 
82 36 29 44 21 90 96 81 30 33 25 100 65 63 40 25 8 44 29 82 68 84 88 39 34 64 60 39 96 33 92 36 16 42 53 99 87 19 86 29 33 35 57 19 78 93 38 2 28 28 37 62 6 92 27 49 43 73 24 58 45 68 48 78 66 44 11 4 2 94 100 6 77 81 28 36 83 3 74 33 36 75 18 76 3 97 37 74 67 80 1 18 55 69 85 79 95 37 66 31 
61 88 22 51 19 5 12 34 47 67 61 93 36 91 29 74 79 58 89 1 29 20 97 46 51 55 74 39 85 16 31 85 64 81 49 9 43 77 16 79 32 34 34 2 14 56 87 82 22 98 18 71 17 37 35 87 72 62 39 7 48 21 97 18 19 11 24 22 56 35 88 90 33 11 58 53 93 49 89 66 63 46 44 43 45 84 23 45 35 42 93 39 61 6 27 90 96 70 65 8 
69 73 52 39 43 54 44 27 68 78 30 45 52 16 36 98 94 22 5 84 27 75 46 43 22 33 11 26 68 64 51 75 48 20 46 40 27 22 22 23 88 89 65 26 17 93 85 99 85 78 82 13 81 69 45 1 53 25 51 7 67 38 7 40 85 48 66 47 41 60 1 81 98 15 90 52 70 25 13 97 78 80 80 80 76 53 12 78 23 65 12 30 39 97 7 38 93 48 81 2 
44 1 19 78 28 46 90 91 25 91 41 82 18 13 45 62 74 22 14 88 40 78 22 5 31 59 88 1 70 49 85 80 21 7 31 66 87 18 11 38 14 90 13 50 67 58 61 59 3 100 19 62 31 23 37 86 32 61 56 51 42 89 87 83 73 4 56 99 56 95 52 39 28 13 71 96 50 79 72 85 79 11 80 58 39 65 22 100 61 30 61 15 81 64 86 17 27 49 60 97 
23 43 12 47 51 54 80 33 36 10 43 90 80 82 49 95 48 59 64 70 82 1 44 68 15 61 41 93 82 88 39 44 9 16 93 94 92 54 33 89 53 38 5 3 74 98 36 22 20 24 31 65 77 59 87 17 10 62 70 25 90 72 96 21 11 20 88 93 1 66 74 91 15 33 2 67 97 58 8 28 51 74 90 77 64 80 59 9 62 83 32 34 75 54 4 26 74 8 64 20 
59 97 75 1 11 46 76 14 42 97 89 57 59 4 22 95 19 6 61 32 42 78 44 95 23 33 57 18 52 35 81 37 19 15 99 57 83 70 13 64 84 92 21 26 72 79 74 71 97 30 63 87 44 21 86 89 84 47 77 66 3 72 55 86 47 80 38 43 7 80 41 47 4 36 88 44 96 48 83 5 97 100 69 34 69 79 10 80 92 18 58 24 57 39 60 91 44 36 60 7 
5 91 19 85 60 34 99 87 16 74 92 92 12 1 96 35 97 59 49 84 93 24 69 99 67 46 85 12 35 85 69 1 56 81 80 50 8 19 63 11 44 43 100 95 64 65 72 14 16 13 21 70 24 4 25 19 30 90 11 100 18 93 43 1 18 81 19 99 29 94 38 21 6 13 44 22 86 50 7 100 92 37 25 69 95 54 89 56 27 87 89 42 60 2 66 76 6 60 81 99 
93 3 43 40 21 49 81 44 29 72 27 93 26 29 67 38 21 85 13 36 18 12 13 73 80 1 6 44 30 89 78 15 71 2 98 23 65 16 33 4 36 9 90 85 43 48 59 95 90 53 60 35 62 8 40 92 99 63 20 49 55 39 12 69 31 86 49 34 25 24 35 4 62 94 94 84 3 83 48 24 70 63 13 67 3 5 98 96 40 71 23 62 46 53 26 29 73 26 89 100 
74 14 42 20 49 8 92 83 33 38 64 49 59 41 5 23 29 83 82 76 16 74 25 74 5 60 11 71 52 12 40 82 85 32 69 1 98 66 73 23 6 24 18 98 34 57 24 24 71 68 67 93 91 30 50 31 81 73 78 51 52 93 88 13 6 3 9 44 89 86 36 45 64 97 89 73 6 8 72 63 24 33 17 40 95 58 42 10 99 50 24 93 88 23 74 48 56 24 64 86 
91 87 29 47 4 9 44 76 69 68 24 13 33 52 19 53 41 40 2 95 95 56 92 86 83 26 86 54 37 77 93 74 34 28 71 55 34 22 25 30 11 1 26 98 58 95 60 77 62 32 39 96 19 73 92 14 39 76 80 9 95 28 77 30 52 80 34 68 48 99 98 43 63 34 92 93 12 89 94 73 90 72 22 85 5 74 52 27 60 25 72 9 22 95 61 75 65 89 16 61 
76 89 53 2 42 52 91 58 74 62 41 66 37 67 14 57 28 29 45 84 15 79 67 37 18 19 92 23 99 12 35 47 51 30 16 91 31 92 74 6 95 30 69 95 48 53 23 56 17 43 30 53 37 43 83 58 57 87 24 78 8 66 91 78 14 50 91 99 14 97 8 92 25 88 44 39 13 4 6 16 38 38 89 22 35 24 95 62 20 50 18 94 74 11 83 50 91 36 50 55 
89 14 38 71 24 5 37 4 71 41 12 19 60 38 56 36 43 29 98 5 83 47 55 66 22 75 83 43 66 74 24 96 82 33 49 86 83 12 21 9 23 64 82 90 83 29 47 72 63 42 23 54 4 33 93 77 16 71 44 3 34 8 8 73 36 36 58 60 55 19 95 94 66 53 3 11 81 60 39 41 100 99 93 5 31 100 13 40 5 47 44 90 83 62 12 48 82 93 18 96 
57 50 59 45 80 91 95 80 40 66 92 50 86 73 84 46 54 22 69 22 61 31 71 30 45 35 4 5 19 21 71 66 23 63 40 65 5 31 99 49 33 94 6 32 95 36 50 60 2 76 94 51 79 9 76 98 57 85 39 24 57 56 95 69 17 39 33 58 82 11 68 66 92 1 49 90 29 2 53 21 26 3 86 82 37 56 34 84 66 54 62 53 53 5 86 41 86 82 9 15 
9 71 78 86 51 66 20 26 33 73 57 92 36 50 25 38 32 74 26 56 50 24 61 61 62 67 42 89 28 24 72 81 80 90 72 78 88 18 45 99 66 3 52 54 31 41 61 95 53 15 35 13 66 76 23 73 93 5 81 10 84 58 89 69 59 34 87 53 89 10 16 95 25 70 20 98 56 60 10 58 38 94 61 82 23 46 35 58 11 18 37 17 97 13 61 62 99 1 17 6 
71 3 53 65 61 83 95 44 97 99 3 49 74 45 16 19 68 70 6 15 65 79 6 16 5 15 69 25 5 91 46 87 58 53 31 1 57 74 88 23 59 74 10 21 59 56 56 7 41 88 98 10 99 24 8 100 82 63 91 94 44 97 23 12 65 72 98 10 55 13 19 46 58 65 22 69 82 94 15 53 61 51 32 89 26 68 25 2 35 4 73 48 14 59 36 31 43 41 46 52 
52 98 27 47 33 45 6 21 30 93 2 99 11 70 23 84 16 26 23 54 99 72 76 18 63 51 33 79 91 58 90 96 91 92 69 90 71 30 7 69 19 56 38 25 10 28 65 46 76 99 23 64 13 90 20 38 94 69 6 32 97 95 47 24 90 24 96 50 65 99 31 37 83 45 80 11 19 52 40 43 33 68 80 87 14 21 14 58 93 14 2 47 11 31 96 20 50 79 71 15 
39 84 48 54 83 63 89 32 79 25 94 76 7 82 1 25 22 81 69 58 44 69 13 26 5 3 64 47 57 31 76 100 70 36 29 27 59 5 52 19 5 28 78 31 92 82 39 45 50 68 92 63 4 29 59 97 90 72 81 60 6 57 6 63 78 75 20 15 6 63 90 15 19 64 49 48 78 60 85 83 93 69 9 87 34 49 29 58 39 61 22 89 29 53 68 46 23 54 60 13 
13 21 59 95 46 81 51 91 67 50 13 26 70 92 65 29 71 43 45 90 14 74 47 66 32 17 79 18 94 42 6 16 4 45 63 74 81 13 93 38 99 30 12 92 41 37 20 62 68 56 3 29 85 48 63 97 55 46 31 11 81 76 7 42 98 7 87 59 92 40 56 79 54 4 62 95 99 13 20 93 64 81 1 62 61 31 94 81 96 51 50 60 58 49 48 67 65 86 35 15 
72 47 88 68 20 92 77 36 51 39 32 8 46 85 92 24 55 15 8 100 1 66 34 90 73 75 53 2 84 21 97 5 55 28 5 86 76 72 33 13 55 46 24 48 64 85 33 63 51 58 1 30 63 49 97 93 76 33 78 28 89 56 69 73 66 40 9 56 80 4 20 60 70 39 34 50 4 38 50 87 3 12 80 71 22 40 95 16 61 48 41 41 99 6 31 54 67 88 58 50 
27 4 1 86 12 2 48 91 21 37 17 23 48 53 93 29 81 63 71 59 31 83 22 82 8 54 14 87 76 87 26 63 57 12 26 3 93 63 30 7 66 6 43 69 4 66 51 23 21 99 2 36 37 93 70 55 85 76 83 55 18 38 43 24 40 67 21 10 40 49 99 98 31 41 41 83 46 57 25 67 48 27 38 5 79 52 1 51 55 61 25 36 26 61 88 38 80 64 17 33 
22 53 97 32 65 23 15 42 63 66 71 27 21 6 4 38 11 72 27 60 1 40 92 70 35 88 95 29 52 73 87 48 41 13 30 14 7 79 25 52 22 58 10 93 26 69 40 5 93 98 62 54 24 20 47 97 92 11 30 14 43 41 85 90 70 37 38 86 66 52 55 95 96 75 75 19 93 10 63 61 47 93 97 78 45 11 66 27 82 52 93 66 11 60 66 91 6 72 96 8 
65 90 81 7 62 7 38 71 56 88 65 83 21 90 70 51 18 39 41 18 54 63 64 95 47 58 59 87 59 12 25 40 32 9 98 9 38 94 2 69 96 77 100 72 38 7 4 37 37 64 45 87 90 81 69 49 85 11 97 59 72 5 5 42 71 17 42 34 55 98 39 93 67 65 79 55 73 10 4 32 48 99 25 100 95 12 28 68 20 73 80 4 26 84 15 35 38 66 38 10 
26 98 36 84 70 26 44 36 30 84 31 78 58 11 98 40 30 59 73 10 43 78 38 39 32 27 40 23 51 23 77 59 71 56 69 91 37 52 54 51 63 71 75 30 51 93 81 69 77 63 5 50 76 29 82 5 2 13 88 76 7 10 89 42 26 45 48 99 56 21 58 95 50 76 72 75 28 18 25 15 43 1 62 39 22 97 9 42 39 95 25 58 13 47 53 18 81 10 5 8 
71 43 75 43 27 36 88 70 52 26 15 44 71 7 7 86 50 96 29 92 79 91 8 72 50 41 70 2 65 39 93 60 54 30 89 56 65 59 42 6 28 6 62 75 88 74 4 8 75 95 93 27 82 23 80 84 76 84 19 3 36 17 51 77 65 63 24 3 73 34 56 62 75 7 55 78 62 13 18 35 86 64 53 47 17 25 28 12 16 7 72 37 41 41 90 75 53 99 19 64 
69 47 53 41 35 33 39 63 18 25 12 100 75 9 53 39 11 86 88 41 31 33 100 31 18 28 16 95 68 91 46 70 95 96 28 3 60 76 66 73 7 55 64 34 13 6 30 32 17 41 55 51 25 31 50 66 8 33 41 49 58 22 33 97 89 8 54 100 22 76 100 62 31 6 50 85 68 69 60 88 87 88 35 79 12 17 79 47 48 81 18 38 32 68 10 89 92 97 29 29 
84 16 5 93 18 32 3 32 29 87 24 36 7 55 52 97 11 5 75 95 63 37 100 57 82 43 16 97 46 93 48 75 17 99 97 56 66 63 54 38 39 55 76 95 90 94 59 1 10 5 17 81 88 85 5 41 99 17 13 59 92 20 29 71 54 10 62 31 51 86 59 75 58 24 77 82 74 34 30 7 3 73 92 75 78 19 13 84 32 52 79 59 21 70 17 91 54 94 77 40 
96 48 46 93 84 68 83 55 83 70 86 45 33 83 53 43 3 1 36 62 82 98 13 67 37 59 47 55 83 62 13 67 67 94 92 87 80 40 4 56 77 62 99 48 28 64 67 94 13 23 12 75 99 85 47 93 6 46 5 55 79 67 87 47 79 99 8 93 50 44 69 75 99 82 64 28 9 51 10 91 5 59 26 70 29 36 100 54 98 29 76 46 22 46 45 51 47 59 81 54 
69 40 51 36 2 33 76 40 47 5 11 11 82 45 86 10 91 83 25 16 68 73 65 5 21 7 92 63 96 85 53 51 98 1 23 84 32 82 94 58 23 8 12 2 11 65 94 89 47 39 30 29 34 59 59 19 45 20 81 50 47 84 31 20 31 36 27 38 29 52 36 55 79 15 4 14 31 91 67 18 82 68 22 14 39 5 40 63 24 28 57 99 49 95 37 38 38 42 62 62 
82 5 51 18 19 84 29 30 96 13 32 69 65 35 28 21 57 42 9 95 7 21 48 47 63 92 22 86 5 52 12 62 21 58 91 81 60 78 68 91 1 86 53 41 64 88 1 84 40 11 71 82 27 27 65 62 1 94 37 21 96 61 59 4 62 51 80 68 76 95 7 82 25 66 17 96 57 52 58 31 30 27 36 79 8 89 68 98 21 6 92 53 84 68 3 51 40 27 14 33 
46 4 21 42 46 76 9 93 42 19 3 26 74 59 98 78 6 100 7 71 95 25 33 97 64 3 29 25 78 63 43 45 17 41 43 89 18 79 50 28 10 70 22 65 70 80 34 70 23 13 82 54 93 86 26 41 40 68 48 59 65 63 80 8 11 24 26 49 67 39 67 18 78 24 88 41 29 47 91 6 30 68 30 38 37 60 29 24 10 28 81 3 97 42 65 36 43 40 11 28 
45 47 42 62 1 16 14 12 1 41 46 89 61 84 17 73 79 83 70 30 59 32 60 9 43 44 43 90 76 27 57 94 94 54 57 87 82 5 94 77 61 72 77 67 25 76 62 75 59 53 42 98 88 19 38 16 65 79 15 2 33 71 16 81 43 19 89 6 30 50 33 27 76 75 94 78 27 11 56 72 65 85 74 3 10 83 56 57 4 35 7 84 15 16 65 12 14 8 80 20 
32 9 8 6 6 47 25 16 48 8 23 46 36 93 78 47 76 9 49 8 60 58 67 30 73 27 90 19 54 74 38 47 13 35 54 21 28 27 59 46 7 52 71 24 28 91 54 92 79 58 58 73 68 59 12 74 22 61 30 94 28 50 43 32 22 92 24 3 53 97 90 8 87 88 8 83 10 41 63 87 62 71 55 69 28 80 53 74 21 100 92 67 12 22 15 66 90 78 4 5 
41 81 35 77 73 91 79 40 99 78 57 53 52 86 13 32 75 4 37 31 50 36 99 96 70 35 68 98 93 26 57 49 2 36 41 11 16 12 41 67 40 55 63 30 10 72 30 16 94 98 4 99 13 81 42 87 72 77 96 36 40 12 43 98 54 89 11 72 31 93 93 3 81 79 75 96 47 42 90 15 64 26 56 89 51 57 73 63 91 10 15 28 90 100 23 66 93 10 99 49 
5 56 70 61 88 96 30 81 71 32 61 71 100 1 72 8 26 61 66 44 21 64 20 33 57 100 84 32 98 52 77 11 26 87 43 41 19 51 45 88 77 58 61 19 96 3 43 38 55 6 23 18 80 9 18 17 20 2 66 18 94 67 6 51 38 51 48 73 80 89 73 90 77 82 35 78 13 80 75 80 28 42 67 93 2 2 98 82 26 52 14 29 32 15 75 48 50 98 97 12 
11 10 37 47 15 74 55 83 33 61 3 79 13 57 6 63 28 71 88 67 77 11 81 36 95 34 17 50 50 84 87 58 46 18 88 15 6 72 47 91 72 73 72 25 47 76 17 21 91 43 40 70 97 17 68 62 72 18 5 15 66 93 31 92 99 36 19 38 26 17 55 78 30 26 43 43 29 36 98 80 82 53 68 88 94 66 39 1 28 100 94 5 40 45 93 59 66 15 19 26 
45 54 46 82 97 66 19 67 73 98 33 72 25 24 31 11 76 21 29 65 57 57 70 87 83 29 63 18 32 40 83 7 57 85 43 5 60 9 38 40 14 46 7 4 21 69 50 93 45 39 73 13 82 35 15 36 54 21 44 53 40 32 63 84 95 63 88 81 18 46 81 96 47 57 96 93 14 52 80 55 46 82 90 79 58 57 76 76 19 70 66 68 95 39 81 69 99 49 26 95 
54 88 39 64 97 85 4 38 1 77 23 3 56 59 57 15 91 20 56 80 84 90 45 51 36 95 60 9 34 99 87 47 56 34 42 83 63 50 12 9 19 42 97 53 53 9 46 81 99 50 79 70 50 3 78 80 24 92 27 56 8 3 81 7 58 23 31 29 26 100 62 66 44 23 30 43 64 98 47 9 89 67 90 93 77 24 73 38 12 33 95 85 31 29 43 53 26 13 42 15 
32 100 84 56 9 76 66 76 60 79 57 11 68 41 89 34 82 70 54 49 52 100 91 82 73 39 42 32 42 15 85 7 98 8 84 54 73 1 93 31 14 43 61 58 17 77 64 39 36 31 38 20 8 35 50 82 42 8 80 80 17 17 59 66 39 70 34 28 71 1 85 91 58 87 19 42 93 28 89 59 70 51 31 13 83 90 81 69 25 96 13 35 83 87 5 32 82 84 82 29 
27 29 4 53 3 61 35 95 15 90 4 68 41 43 13 77 33 54 47 53 3 29 3 95 21 10 56 90 4 41 52 17 91 87 33 96 21 29 82 60 36 32 58 88 72 83 9 13 84 60 98 56 28 74 61 79 93 93 32 42 72 66 45 71 85 44 65 99 8 69 4 90 67 46 43 64 58 95 71 66 93 17 60 61 37 44 68 73 60 21 78 70 65 69 73 76 94 65 54 7 
90 49 47 96 67 24 66 40 77 90 60 75 28 40 70 22 99 8 27 60 51 96 30 45 88 85 39 68 15 7 39 67 61 9 75 83 5 4 29 40 48 70 5 57 86 34 77 72 32 69 70 18 36 82 68 19 78 68 79 26 88 93 66 95 86 13 28 61 38 49 80 10 66 23 83 64 70 7 78 11 88 27 86 91 27 97 41 32 55 25 19 41 16 20 28 39 88 86 27 35 
22 99 88 41 13 48 45 6 58 2 38 54 19 33 33 43 34 77 92 73 64 62 33 15 20 32 97 79 20 29 28 5 80 70 44 1 58 96 62 7 7 39 70 70 65 51 4 62 85 84 19 57 4 95 8 68 63 71 90 34 98 9 13 55 12 39 56 52 69 80 85 28 47 48 23 12 21 29 33 46 23 43 21 28 6 23 40 72 7 48 92 7 53 81 7 65 52 16 69 57 
21 9 75 37 1 32 62 46 50 62 27 71 90 8 46 50 7 75 91 41 57 46 57 71 60 22 81 44 12 95 95 77 57 82 74 37 33 17 13 72 81 1 86 74 73 70 22 23 13 98 73 67 22 2 7 83 4 75 91 24 35 52 73 92 38 82 63 45 58 56 81 23 62 62 1 63 74 41 35 80 36 25 65 46 100 77 55 2 87 48 88 92 11 38 84 23 93 76 11 36 
47 46 64 34 7 7 24 29 79 54 28 22 23 31 31 46 36 57 43 58 41 26 17 68 4 16 7 33 92 16 82 90 68 36 26 50 88 33 9 72 80 96 17 3 26 90 56 50 97 42 16 85 89 94 95 3 9 43 81 42 74 78 23 41 58 61 13 67 87 7 29 69 45 39 39 18 22 21 31 94 45 44 2 74 91 36 7 79 8 47 99 34 93 63 2 31 29 40 59 86 
7 64 57 2 2 4 73 53 20 64 99 83 72 32 23 13 96 63 17 42 48 55 43 56 88 38 60 58 84 2 67 98 92 93 39 22 34 4 98 21 8 71 26 6 12 17 55 52 69 100 39 92 63 37 42 9 80 3 38 40 91 93 11 77 61 83 31 55 2 23 21 64 82 72 95 49 94 52 55 14 13 34 69 34 99 44 88 47 51 72 27 98 80 25 27 15 78 60 75 30 
76 64 16 9 50 60 91 31 41 95 88 10 81 95 35 57 2 38 51 38 82 50 44 83 76 49 26 55 24 74 34 37 42 97 82 20 71 80 21 42 81 48 25 48 9 93 51 13 75 49 47 57 50 43 18 69 51 70 47 3 9 15 72 66 4 35 2 91 18 67 44 71 15 21 44 77 56 2 12 43 11 68 59 72 75 84 65 2 69 96 35 57 84 46 69 58 62 61 48 69 
27 15 13 91 49 8 64 70 40 63 53 45 76 54 63 44 32 13 16 43 17 15 54 71 61 35 42 69 49 34 6 63 54 100 31 76 34 35 43 26 16 96 11 71 43 27 55 44 75 34 21 47 91 64 14 85 30 35 21 4 38 24 43 50 28 17 74 4 87 70 53 71 79 65 70 58 90 63 6 78 52 47 5 92 23 77 92 64 53 96 31 2 27 89 19 57 72 60 3 42 
29 3 40 85 7 16 34 25 87 15 75 7 23 8 68 83 81 59 66 50 38 15 44 89 96 17 18 41 67 76 30 98 65 50 37 84 71 85 4 32 86 95 81 28 15 8 93 90 14 48 54 66 42 61 98 75 97 29 87 83 14 81 74 97 74 31 5 30 50 79 1 11 33 90 96 59 23 19 16 82 32 78 31 6 30 72 6 9 46 11 35 83 63 85 12 46 48 43 14 26 
17 38 12 79 98 68 39 96 74 60 34 62 60 59 58 62 37 44 71 47 99 44 3 93 76 28 64 29 10 9 19 29 86 60 46 5 92 68 36 62 39 76 14 8 97 9 12 44 100 16 87 100 38 42 73 70 34 13 14 43 24 64 99 53 90 14 12 84 47 87 90 9 87 56 51 7 20 62 13 50 83 90 94 16 65 21 57 12 30 37 77 63 70 96 73 71 41 51 71 49 
80 62 71 13 56 25 21 90 91 42 99 96 35 89 48 17 17 29 83 60 78 80 18 92 86 6 11 2 81 72 20 21 12 26 44 15 90 45 5 48 32 54 49 74 32 55 11 83 5 99 6 39 25 43 30 36 6 97 30 57 76 34 24 40 45 91 73 65 52 17 18 51 19 1 81 73 61 62 93 14 36 21 19 78 10 51 55 25 62 4 32 81 74 95 33 27 52 3 90 60 
61 62 99 85 16 95 22 24 73 92 96 40 81 42 58 54 64 100 4 79 72 81 100 21 5 20 9 31 97 34 74 61 88 12 6 2 98 33 26 79 15 5 61 93 16 31 84 26 93 13 14 82 51 61 92 60 4 43 68 11 29 48 1 91 4 59 38 9 97 99 78 37 74 34 29 58 28 8 40 62 24 54 68 25 20 72 94 85 58 89 59 58 20 13 81 57 72 62 58 10 
75 17 10 31 59 30 13 76 30 30 66 18 28 75 79 19 43 88 60 96 78 10 16 54 49 88 61 38 76 82 63 39 56 30 72 10 17 68 78 27 19 9 19 53 15 71 91 61 45 56 95 62 88 31 40 50 24 83 93 74 18 41 46 66 13 41 14 11 19 64 23 2 19 90 25 41 35 4 72 7 41 19 99 25 94 17 74 95 68 37 26 44 28 8 89 60 94 75 68 86 
89 56 18 35 47 97 65 18 8 42 16 90 55 58 1 55 22 91 71 67 90 42 3 60 21 52 98 15 57 69 77 82 43 91 29 32 12 84 81 78 47 50 31 84 59 100 41 16 82 19 86 66 84 47 47 62 19 55 12 66 29 95 42 31 43 73 90 67 84 25 54 62 15 49 56 35 67 26 27 45 49 87 36 64 39 45 99 68 36 40 30 68 63 16 61 18 75 53 95 53 
24 65 6 28 77 52 81 55 18 9 42 2 17 16 71 56 78 79 14 11 17 55 2 5 28 5 16 96 57 44 69 34 13 61 4 39 2 96 2 17 23 61 100 60 41 3 48 32 45 13 2 36 96 10 66 33 70 25 91 41 31 64 13 60 23 54 63 77 6 16 14 44 76 91 95 17 14 37 17 91 70 85 12 70 42 22 33 92 95 33 87 3 93 44 84 64 90 31 97 16 
39 58 45 73 81 57 35 86 11 93 99 51 3 31 5 73 38 48 92 21 57 12 14 97 22 94 82 51 89 77 28 24 74 20 36 18 91 78 86 99 89 35 17 75 79 48 59 71 15 97 81 18 63 55 29 63 5 57 77 79 77 75 35 24 13 55 87 22 59 11 22 80 100 54 69 96 11 32 37 26 36 47 53 79 37 97 8 82 39 83 86 41 75 15 49 82 7 89 21 31 
93 20 50 30 19 64 19 80 55 59 14 18 100 73 95 88 91 16 75 79 90 22 21 9 69 96 91 20 78 20 27 81 22 1 31 75 44 94 15 38 11 89 91 47 54 34 44 22 86 7 26 31 36 52 6 34 33 9 18 3 75 47 12 45 38 84 31 4 97 26 25 88 47 18 3 42 80 21 44 12 79 37 62 12 81 56 73 45 90 98 73 75 93 64 7 32 12 53 5 90 
9 40 53 55 50 100 71 5 5 31 82 3 41 18 21 5 75 6 67 85 71 10 14 17 6 14 31 32 45 12 24 63 33 51 78 81 99 12 64 38 60 29 19 12 4 54 51 41 30 9 83 39 25 38 47 66 17 37 24 54 96 31 30 55 82 30 57 91 69 33 43 49 84 37 22 87 82 20 5 19 96 85 47 86 87 92 62 44 80 70 34 70 21 1 64 97 83 7 96 3 
76 88 90 10 58 31 82 83 86 42 58 96 17 99 69 69 69 47 12 29 16 91 43 59 44 46 60 20 79 55 83 30 29 20 72 91 91 83 16 27 37 56 35 46 84 76 15 2 37 45 82 12 37 75 77 98 19 34 15 72 55 86 37 25 90 34 48 69 29 40 47 52 98 8 28 98 32 41 20 80 55 41 70 95 7 21 1 84 89 15 16 27 90 1 81 90 13 21 32 30 
61 52 30 91 32 64 85 40 97 12 10 39 52 70 1 5 100 68 26 54 10 3 66 37 79 95 78 98 42 98 28 38 50 60 54 98 69 51 47 57 53 52 24 8 9 42 57 81 45 50 85 32 50 54 56 55 62 26 97 7 55 42 17 15 94 96 86 10 15 35 85 31 44 28 12 81 62 67 35 91 98 30 97 77 96 52 45 42 85 2 10 59 44 46 59 36 11 31 66 51 
42 80 41 77 73 95 83 42 39 58 93 3 3 1 35 91 43 62 21 78 66 6 1 6 16 92 93 73 91 50 78 70 90 64 14 78 27 94 51 2 100 68 22 52 11 25 12 50 32 13 46 77 99 25 10 22 31 50 14 61 92 30 20 57 24 2 54 73 72 21 18 98 19 95 66 61 44 11 16 47 22 37 15 8 40 24 36 28 35 63 29 20 83 83 83 96 66 5 15 76 
96 68 100 46 28 72 29 91 96 96 97 34 22 68 63 47 39 84 65 4 65 29 51 62 54 4 42 63 17 49 78 63 20 73 52 43 94 40 75 27 78 92 84 99 11 81 16 85 75 3 98 88 96 19 78 91 45 74 77 92 17 1 72 50 13 50 60 33 63 55 34 25 48 31 97 35 53 30 96 13 39 85 85 9 40 26 19 59 43 3 29 50 33 88 91 47 99 97 9 81 
60 24 27 100 58 36 81 43 98 83 13 41 62 24 35 14 41 33 27 40 18 30 21 39 21 47 5 58 17 2 40 95 44 74 75 65 58 22 95 88 24 53 4 90 90 70 64 34 45 70 25 29 39 41 79 51 28 85 37 16 2 25 8 20 51 54 94 49 99 71 90 16 30 71 81 79 80 5 73 65 72 80 47 22 31 27 20 29 21 75 87 67 14 47 90 47 43 56 77 42 
28 94 74 52 10 53 3 37 11 51 90 68 70 67 2 22 22 90 7 38 50 57 22 45 10 65 33 52 12 98 70 5 51 42 30 41 5 80 57 95 60 65 45 62 25 66 38 19 90 56 26 78 95 88 63 77 68 42 21 10 70 88 9 21 38 59 22 86 43 16 40 52 98 34 87 87 41 12 1 94 88 73 73 86 82 47 50 71 36 29 61 57 90 77 8 72 63 59 79 89 
18 86 23 53 46 27 99 67 87 19 67 36 45 14 22 32 28 47 84 69 59 96 4 88 39 54 98 19 77 27 3 24 60 20 52 91 68 27 53 48 36 60 20 67 60 34 28 46 52 35 10 10 32 23 67 71 69 38 60 73 47 98 68 40 45 44 41 58 57 87 13 98 53 3 24 3 50 68 84 80 66 60 66 35 58 28 87 71 10 56 20 81 87 52 70 56 45 40 71 86 
55 47 83 62 12 34 68 83 69 13 21 69 33 14 34 65 31 71 31 87 77 9 8 97 96 99 29 72 83 48 40 65 16 90 49 61 84 1 82 13 46 35 51 10 97 54 49 3 3 56 54 56 27 59 24 77 46 21 97 69 65 24 78 38 33 76 80 22 21 38 84 21 97 7 86 35 10 46 95 95 55 26 16 16 60 99 31 18 33 22 43 48 88 66 6 74 86 20 64 98 
91 26 92 100 6 60 92 59 68 54 59 28 24 15 61 88 95 25 35 24 74 77 59 12 46 87 59 51 97 27 87 23 25 1 22 86 65 59 22 78 32 25 53 35 25 22 59 3 50 89 88 59 38 78 81 45 5 18 88 62 98 18 70 29 27 18 66 84 8 30 61 84 25 38 18 55 92 26 46 59 83 4 54 63 97 96 14 59 50 38 49 35 49 77 95 100 37 24 8 7 
8 81 52 59 59 66 24 83 21 51 68 73 94 74 58 89 12 54 69 83 38 11 56 20 21 100 15 22 72 45 3 71 78 9 95 88 11 48 92 46 42 34 24 83 48 15 24 28 79 30 8 32 86 75 34 36 59 22 72 78 72 33 37 50 75 88 83 81 3 69 26 62 47 59 67 15 18 85 76 25 74 54 79 88 30 2 88 98 83 36 42 60 82 68 70 47 30 56 30 68 
